0,-1.27221029604e-09,-1.80642970525e-10,2.89089183159e-10,0,0,0,0,0,0,0,0,0,0,0,0
0.1,-1.27221016171e-09,-1.80643131305e-10,2.89089277945e-10,1.51030380221e-06,-7.31923144772e-07,2.7797881156e-07,-1.98715124333e-07,1.67862575345e-07,5.59967464869e-08,0,0,0,0,0,0
0.2,-1.27089522126e-09,-1.8117980998e-10,2.89413660436e-10,-2.28565416641e-07,3.32527353079e-08,-3.52535606255e-08,-4.33602157599e-07,-6.36574817784e-09,2.1355471016e-07,0,0,0,-1.3150747656e-10,5.3683943669e-11,-3.2447737066e-11
0.3,-1.27354597645e-09,-1.78689803969e-10,2.45799808538e-09,8.97695712937e-07,-7.52481521333e-07,-1.42391541255e-06,-5.07835125719e-08,1.51533376754e-07,2.98755553786e-07,1.91074350083e-08,1.30730896712e-08,-3.80932013384e-15,-2.77541911144e-11,-9.79630707811e-11,-2.16927682198e-07
0.4,-4.56399866734e-10,-5.35134677624e-10,-2.33036104745e-08,-3.51673543413e-06,1.38345275565e-06,8.35392712807e-07,-1.09532725521e-06,-2.34385865277e-06,6.88970796153e-08,-3.43964801467e-06,-7.9474492548e-06,3.33248316981e-11,2.14675151808e-10,-2.0008957538e-10,3.15340897374e-06
0.5,-9.43086860625e-09,2.91005706222e-09,7.21883821985e-09,5.19655849775e-06,-8.8051771899e-07,2.17709489011e-07,2.16920089659e-06,6.38785995618e-06,2.49783772084e-07,5.6841655729e-06,1.61371570576e-05,-4.9710218042e-11,-9.44090001365e-10,2.37343648887e-10,2.28721011728e-06
0.6,3.13365460966e-08,-8.51396370215e-09,8.27828875474e-09,-2.70026370737e-06,-7.77403477389e-08,-2.11954222567e-07,-1.98943165087e-07,-2.9306034705e-06,1.11836899322e-07,-1.1749230889e-07,-6.5651384467e-06,-2.89598139612e-10,4.91132992131e-10,-1.28977708839e-10,1.66582709768e-06
0.7,-3.07533733049e-08,1.15892766928e-09,-7.76377236307e-09,-9.80763986106e-07,-6.2528003448e-07,-2.0489935744e-07,-2.81792681551e-08,2.71086266119e-07,-2.75743696713e-08,1.99724267651e-07,4.16391408674e-07,5.05007718199e-09,-6.12262831102e-11,-1.06050232878e-10,2.02951399308e-06
0.8,-1.49393114844e-08,-3.14960906355e-09,-4.09406284236e-09,-2.47714254754e-07,1.66690251776e-06,-4.38200401784e-07,-1.99489704049e-07,9.19100287464e-07,4.37763993033e-08,-1.02854755109e-07,1.80924277498e-06,4.30079476105e-09,-1.92932077392e-10,-1.35326784095e-10,2.1490643448e-06
0.9,1.40876848019e-09,3.04647102181e-08,-1.27527605411e-08,6.38471713503e-07,1.20282341246e-06,-3.01091283606e-07,6.53085981218e-07,7.18774794121e-07,1.51442776441e-07,1.46053481976e-06,1.67247547017e-06,-4.56697240202e-09,-1.78761515956e-10,3.18102361789e-11,2.37657260726e-06
1,1.77418338739e-08,1.69589581715e-08,-1.39828203542e-08,1.88757411081e-06,-1.76090199417e-06,7.34421476607e-08,7.70020134912e-07,1.34998877116e-07,1.54470002886e-07,1.94650827775e-06,1.13336024405e-06,-9.13129060147e-09,-1.13333791133e-10,9.21216542436e-11,2.54433609593e-06
1.1,4.18657276553e-08,-4.35875509575e-08,-9.5455205501e-09,2.53683039816e-06,-9.10769841871e-07,-1.58648316347e-06,2.40576284704e-07,-5.50153210709e-07,2.19885790998e-07,1.20793185556e-06,3.99353128388e-07,2.62589823649e-08,-1.61044712687e-11,-8.34936996476e-12,2.62570143078e-06
1.2,7.06386809934e-08,-3.85328261683e-08,-7.75927521171e-08,1.10116137847e-06,-1.45913469878e-06,-1.78605862318e-06,8.02554037364e-08,-1.02245447965e-06,3.25597574796e-07,7.92616728777e-07,-3.79378049165e-07,6.0967257099e-08,1.00527412461e-10,-8.64880254481e-11,3.09574266445e-06
1.3,3.24975588453e-08,-5.43050002453e-08,-1.14098590886e-07,-1.58261370031e-06,-3.09473463887e-07,-6.81547962494e-07,-2.24009877262e-07,-1.0212342322e-06,4.02085795976e-07,4.01843746219e-07,-6.23197917035e-07,1.50399020516e-07,1.46348933371e-10,-1.65215275479e-10,3.61446667791e-06
1.4,-5.65917690511e-08,-1.97421837278e-08,-9.96393365583e-08,-1.19304738243e-06,-6.61547432951e-07,-7.96291536289e-07,-1.69600333986e-07,-7.49751271689e-07,3.75013669317e-07,3.04053737394e-07,-3.46662253017e-07,1.74792040947e-07,1.07864416984e-10,-1.73935593503e-10,3.96347044126e-06
1.5,-7.31458711263e-08,-2.75059170359e-08,-1.05831013323e-07,-1.19300104578e-06,-8.49465736872e-07,-1.94403744123e-06,-4.03376933025e-07,-4.23279444809e-07,3.52689341337e-07,2.0647224858e-07,-9.00049091035e-08,2.26867543811e-07,1.03744187073e-10,-1.75420366344e-10,4.25493803948e-06
1.6,-8.49749767611e-08,-3.45013534579e-08,-1.6307076004e-07,-1.36984681057e-06,-7.36608197192e-07,-1.93868531507e-07,-4.67628333354e-07,-4.20235154746e-07,5.20200561416e-07,1.16585725342e-07,1.29210640594e-07,3.28712256365e-07,1.27616650016e-10,-1.83867526279e-10,4.61414461005e-06
1.7,-8.81696248141e-08,-2.84730819232e-08,-1.14595151407e-07,-7.9171922723e-07,6.50581061038e-07,-5.23236299135e-07,-6.81379024291e-07,-3.43974244302e-07,5.01578484612e-07,6.10054334439e-08,2.9991859374e-07,4.3484313261e-07,1.58640912441e-10,-1.91438907389e-10,4.81952946919e-06
1.8,-7.0734038213e-08,3.31191764679e-08,-1.15019566388e-07,-6.80193986873e-07,1.93356135333e-06,1.31457036206e-07,-5.81952469304e-07,-2.64784675758e-07,2.84590695118e-08,1.11019320212e-07,4.04283271513e-07,2.13082120189e-07,2.11644027885e-10,-1.57300715025e-10,4.98940444763e-06
1.9,-4.75976865964e-08,1.04658735489e-07,-6.00890178558e-08,7.46180455148e-07,7.16501338913e-07,9.05264964059e-07,-5.43555718849e-07,-2.84965442395e-07,-1.68029592764e-06,2.33509326815e-07,4.58428489244e-07,-5.22489868929e-07,2.29899418623e-10,-9.93523460071e-11,5.06357933252e-06
2,3.88017374418e-09,8.65192593773e-08,1.25300824169e-08,-8.5065946478e-07,2.37359555693e-07,1.42726293141e-06,-3.92171061256e-07,-1.1052081359e-07,-3.20871432684e-06,3.13485464386e-07,4.53673048654e-07,-1.22672376399e-06,2.21398910494e-10,-9.65041929957e-11,5.05090639954e-06
2.1,-4.37398377019e-08,6.80217925552e-08,1.08409773086e-07,-1.04540565937e-06,1.25096162511e-06,2.84652907979e-06,-1.71239424036e-07,-2.49444268754e-07,-4.74763742366e-06,3.63803410402e-07,4.85034767702e-07,-1.94275721998e-06,1.2077778081e-10,-1.56226524498e-10,4.95568537322e-06
2.2,-8.22665222788e-08,9.27819084332e-08,2.606759872e-07,3.10333176853e-07,1.46988999438e-06,2.21562271072e-06,-7.61513018723e-08,-1.44090403505e-07,-7.52878591442e-06,4.19316998751e-07,5.33467705531e-07,-3.06243261871e-06,-1.08806159793e-10,-2.82001735231e-10,4.75895020972e-06
2.3,-1.8971114201e-08,1.30642745907e-07,3.09034158974e-07,1.87042276456e-06,1.48502619506e-06,1.85669221678e-06,-2.09176932364e-08,-6.43552111224e-08,-1.19274024461e-05,4.83224758134e-07,5.42126853229e-07,-4.85022973358e-06,-2.68037724533e-10,-4.71129486893e-10,4.55728749813e-06
2.4,8.91781967681e-08,1.47213272098e-07,3.12209258297e-07,1.09678153157e-06,1.15730663343e-06,6.57554309305e-07,2.45594048021e-07,-5.69863535669e-09,-1.7693736234e-05,5.4267683522e-07,5.0553914462e-07,-7.18826880966e-06,-2.40758270902e-10,-8.94793923897e-10,4.37992776711e-06
2.5,1.00363463047e-07,1.18668712224e-07,2.54349060353e-07,-8.50033135746e-07,1.23392928895e-06,-1.86621698937e-06,4.44944947468e-07,-6.65874093062e-08,-2.35791183491e-05,5.82581142188e-07,4.71264420204e-07,-9.45069879039e-06,-9.79786176948e-11,-1.42128230057e-09,4.2533674949e-06
2.6,3.99112946566e-09,1.23246630336e-07,5.39221669856e-08,1.80187884681e-07,-4.13228611382e-07,-2.2022198197e-06,5.9731186599e-07,3.89496440943e-09,-3.05404475474e-05,6.17363606486e-07,4.69768086805e-07,-1.2050677296e-05,4.84655460487e-10,-1.43603850645e-09,4.22982335224e-06
2.7,7.6197565634e-09,1.37485623789e-08,-8.93822038583e-08,6.0030908493e-08,-9.18276440653e-07,-2.85017408498e-06,7.18419014769e-07,6.12501126351e-08,-3.14970722151e-05,6.20677603236e-07,4.67634296553e-07,-1.23966646084e-05,6.63705101719e-10,-1.45478444978e-09,4.26469956021e-06
2.8,2.51710860175e-08,-7.00884558255e-08,-2.74553784401e-07,1.96073239088e-06,-1.12294437961e-06,-1.93722065314e-06,7.72578317196e-07,5.00327501825e-08,-2.64091383904e-05,6.06518277007e-07,4.6222951613e-07,-1.05697289612e-05,1.4553291e-10,-1.6687939031e-09,4.35988169237e-06
2.9,1.09062455623e-07,-1.31608326981e-07,-3.43388034896e-07,8.27316277183e-07,-1.30170939681e-06,-2.93419700426e-06,9.27245339642e-07,-3.88730471639e-08,-1.63191952446e-05,5.83726377718e-07,4.42881532246e-07,-6.90316792796e-06,-1.43043459943e-09,-3.16854578014e-09,4.4663524288e-06
3,1.15583293501e-07,-1.69886819863e-07,-4.68048487419e-07,6.21282910104e-07,-1.41601360392e-06,-3.71368633111e-06,8.28608573285e-07,-4.35301170493e-08,-8.32003719876e-07,5.58455957797e-07,4.25203715211e-07,-1.46189325236e-06,-3.89253609098e-09,-5.08363221766e-09,4.59670671615e-06
3.1,7.94318398639e-08,-2.14382467191e-07,-6.0865451182e-07,-1.05831313897e-06,-2.09395329846e-06,-3.07629974417e-06,7.0566705229e-07,-6.58108343441e-08,2.35156321972e-05,5.31000894506e-07,4.14615009424e-07,6.59641885238e-06,-7.16599483255e-09,-6.42674517196e-09,4.7495996147e-06
3.2,-2.83428062674e-08,-2.74901708432e-07,-6.86802484142e-07,-2.45345199096e-06,-3.50050931108e-06,-2.41687171591e-06,6.53835624972e-07,-1.00185650555e-07,6.26977252186e-05,5.00671002292e-07,4.17714946378e-07,1.88919422427e-05,-1.06167139257e-08,-5.99312208335e-09,4.90581294491e-06
3.3,-1.66363970954e-07,-4.07010658759e-07,-6.75705175304e-07,-7.32783247242e-07,-3.01785782129e-06,-2.63652815284e-06,7.66742953733e-07,4.90637403843e-08,0.000133320117966,4.61917146772e-07,4.34260832308e-07,4.00168659815e-05,-1.2940052983e-08,-4.83435671054e-09,5.04547943459e-06
3.4,-1.35126338754e-07,-4.64521709525e-07,-7.27453120411e-07,-9.12866521139e-07,-2.97294370794e-06,-3.02353393909e-06,5.2521461003e-07,-1.60265310851e-08,0.000227353187007,4.23669057976e-07,4.46058098874e-07,6.72740187301e-05,-9.39444423049e-09,-5.53626755846e-09,5.18257955557e-06
3.5,-1.3335020916e-07,-5.01934051062e-07,-7.93231946521e-07,-7.72880600981e-07,-2.74191646357e-06,-2.94176788708e-06,3.4755231734e-07,2.1003933947e-07,0.000343928095017,3.87934794737e-07,4.5633477545e-07,0.000100139293125,5.98938434372e-09,-9.15057256994e-09,5.31932618951e-06
3.6,-1.26591163329e-07,-4.95749015745e-07,-8.61654745048e-07,-9.26120620257e-07,6.47500135559e-08,-1.45659454153e-06,2.86146687922e-07,2.2891835366e-07,0.000475943620099,3.57495400192e-07,4.64975032827e-07,0.00013626277373,3.9608796078e-08,-1.70711253624e-08,5.45561207221e-06
3.7,-1.41319217218e-07,-3.21684849475e-07,-7.80603275998e-07,-1.08939523979e-06,-1.34333031517e-06,-2.34415989472e-06,4.8425319069e-07,8.01152711769e-08,0.000573264654736,3.40538795798e-07,4.73573427205e-07,0.000162193597692,7.93148290509e-08,-3.35936118818e-08,5.56922508029e-06
3.8,-1.66443833555e-07,-3.09057650785e-07,-7.88050274309e-07,4.07996629678e-08,-1.17824516012e-06,-1.62537851037e-06,4.01085730628e-07,8.82002892755e-08,0.000677543906834,3.26586642581e-07,4.82631677513e-07,0.000189324572332,1.4058525653e-07,-6.53457215322e-08,5.67505478552e-06
3.9,-9.57800629623e-08,-3.12384728507e-07,-7.33939061567e-07,8.33004744996e-09,1.04090826508e-06,-1.03016744266e-06,5.35663939411e-07,-2.4593419349e-08,0.000794805247792,3.14600644666e-07,4.87266241873e-07,0.000219184642263,2.31009660765e-07,-9.21414368163e-08,5.76623943055e-06
4,-5.39690109551e-08,-1.56756295727e-07,-6.73376833518e-07,4.77349629407e-07,1.94862956052e-07,-8.15338494377e-07,5.3185393406e-07,2.04726042169e-08,0.000860303451665,3.0956328124e-07,4.89589267338e-07,0.000235482870525,2.93633791389e-07,-1.12715125618e-07,5.84383222181e-06
4.1,4.31193461989e-09,-1.09023127491e-07,-5.79502578176e-07,5.03338275671e-07,1.15078247104e-06,-5.84149342424e-07,5.41933580195e-07,-1.307810696e-07,0.000910841004956,3.06678469153e-07,4.89357969414e-07,0.000247789863245,3.5041870679e-07,-1.0966259207e-07,5.90591618964e-06
4.2,1.00816821946e-08,-2.15669436151e-08,-5.14987248598e-07,-4.93808769638e-07,8.01779639232e-07,-1.35509755314e-06,7.59604337765e-07,-2.88140362809e-08,0.000921875429706,3.06222691657e-07,4.88945949034e-07,0.000250402651057,3.65057004724e-07,-1.02186828309e-07,5.9573302145e-06
4.3,-3.65016644044e-08,9.64955135571e-09,-5.23327587938e-07,-5.08001099946e-07,-5.16213143203e-07,-2.72323074604e-06,6.10512160587e-07,-5.65831048935e-09,0.000916409983245,3.06385828133e-07,4.90101571702e-07,0.000249101884341,3.58616500007e-07,-1.29680094096e-07,6.00612277465e-06
4.4,-6.49485009947e-08,-5.33754719815e-08,-6.16736618983e-07,-1.7119643036e-07,-4.05324427224e-07,-4.1546473253e-06,6.01716285254e-07,3.39466614354e-08,0.000949442775758,3.0575698391e-07,4.91995143379e-07,0.000256573794357,4.06267795142e-07,-1.87484342247e-07,6.05993377575e-06
4.5,-3.9912939032e-08,-8.55808243101e-08,-8.40759981811e-07,-6.80611831848e-07,-1.70959801407e-06,-3.47189048686e-06,6.44106504048e-07,1.97820404462e-08,0.00100710991898,3.05110236319e-07,4.9303739224e-07,0.000269407047262,4.90498818414e-07,-2.27036819681e-07,6.12872177682e-06
4.6,-7.81565873254e-08,-1.8928098351e-07,-9.60206232366e-07,-1.38463275158e-06,-8.9501485424e-07,-3.57203351575e-06,6.24632045233e-07,-4.74945731456e-08,0.00114533436905,3.0442616489e-07,4.94928268453e-07,0.000299552069297,6.89096591179e-07,-3.13231575639e-07,6.2025419807e-06
4.7,-1.67678589359e-07,-2.12885130808e-07,-1.08564834305e-06,-6.70740404199e-07,-6.21850594719e-07,-3.53882282793e-06,3.43794989575e-07,-1.89868717143e-07,0.00131368137825,3.04468173593e-07,4.98691693396e-07,0.000335439603358,9.23909185957e-07,-5.13012668823e-07,6.2811215528e-06
4.8,-1.75670537751e-07,-1.86455104269e-07,-1.15416325839e-06,-7.65192963991e-07,-1.45352385091e-06,-1.44093120758e-06,2.62910295836e-07,-3.47390564948e-07,0.0014717299593,3.0516173738e-07,5.02313519345e-07,0.000368488194574,1.13800352598e-06,-7.36295246501e-07,6.35991940702e-06
4.9,-1.87073074934e-07,-2.32482340895e-07,-1.06429011145e-06,-6.81972044703e-07,-1.72060229053e-06,-7.90216531225e-07,3.13599385933e-07,-3.1277397675e-07,0.00168148293805,3.06776003698e-07,5.05856512011e-07,0.000411529916014,1.41512969303e-06,-9.90011818223e-07,6.42858399054e-06
5,-2.10683988443e-07,-2.91925509274e-07,-9.42887104271e-07,5.53183129484e-07,-2.05691518088e-06,-7.68711195251e-07,7.198241356e-08,-3.80983408372e-07,0.00196139632399,3.09707022507e-07,5.09531008907e-07,0.000467829252697,1.77741665728e-06,-1.29636249079e-06,6.48617074876e-06
5.1,-1.36253364026e-07,-3.14880256111e-07,-8.14946305411e-07,7.36327062105e-07,-1.6895553392e-06,-1.00686671843e-06,9.87674010418e-09,-5.17007499455e-07,0.0022817363061,3.13824296877e-07,5.11700606272e-07,0.000530997309451,2.18716997533e-06,-1.51003454284e-06,6.5333686621e-06
5.2,-7.29924588054e-08,-3.36405631409e-07,-7.44676803394e-07,1.42190951692e-06,-1.85921906423e-06,-8.1396320831e-07,-9.26012328672e-08,-5.11162408614e-07,0.00264335111664,3.19205952092e-07,5.12744751586e-07,0.000600956284736,2.65233224667e-06,-1.63490092282e-06,6.57433235466e-06
5.3,3.70611324541e-08,-3.58368204615e-07,-6.8460252684e-07,1.66239459579e-06,-7.02419010997e-07,-1.35707982444e-06,-1.53096376227e-08,-5.0270289825e-07,0.00305054374049,3.25993225123e-07,5.1216131501e-07,0.000678171961761,3.18744375788e-06,-1.56207283159e-06,6.61015838872e-06
5.4,1.19567079832e-07,-3.12423072582e-07,-6.64580809478e-07,-3.67946736293e-07,3.49343474637e-07,-2.03457292534e-06,6.14651833763e-08,-5.74445754424e-07,0.00342430929349,3.3278793611e-07,5.10546837452e-07,0.000747600397416,3.69975692577e-06,-1.30014109752e-06,6.64329431504e-06
5.5,4.1660058303e-08,-1.94567947864e-07,-7.44497284737e-07,-3.8402760511e-07,2.53522473497e-06,-2.11016316066e-06,1.29440766029e-08,-7.40017251638e-07,0.00366512814452,3.37434107242e-07,5.10005117827e-07,0.000791509118246,4.05649626854e-06,-1.19423997328e-06,6.6787130267e-06
5.6,-3.69860075051e-08,2.28316644228e-08,-7.91303605027e-07,-1.65797167257e-06,1.01157509666e-06,-2.64785512492e-06,-2.28933550887e-07,-8.13997888423e-07,0.00363479186686,3.36801476751e-07,5.10411299907e-07,0.000786086884412,4.00913278049e-06,-1.29631189949e-06,6.71468580617e-06
5.7,-2.10893443098e-07,9.85780183299e-08,-8.68927653141e-07,-3.41583818649e-06,-9.56098396943e-07,-1.4100018187e-06,-2.27031854285e-07,-6.96180523055e-07,0.0035000129951,3.33875917889e-07,5.1263010897e-07,0.000762538927792,3.78181809982e-06,-1.98849936217e-06,6.75248523246e-06
5.8,-4.3248752104e-07,2.51049365168e-08,-8.48923987269e-07,-3.50987982386e-06,-4.13877003156e-07,-6.01299849991e-07,-3.55287620939e-07,-6.10542302687e-07,0.00345192620981,3.32644619429e-07,5.16878374493e-07,0.000754699663897,3.72483881062e-06,-3.60817359784e-06,6.78787308759e-06
5.9,-6.1878573055e-07,-1.09469442516e-08,-7.33791044286e-07,-5.21438177715e-06,1.02967832569e-06,-1.16458013684e-06,-5.31446015594e-07,-5.79780044362e-07,0.0034450982887,3.32226793525e-07,5.22560955714e-07,0.000754238577103,3.76795695619e-06,-6.18652278858e-06,6.81722526323e-06
6,-8.84972340574e-07,7.88596607938e-08,-7.11344430009e-07,-4.01368770451e-06,8.72625139265e-07,-1.96138810604e-06,-1.05053552955e-06,-4.33959855449e-07,0.00330857410432,3.28733008314e-07,5.30171968001e-07,0.000732414439421,3.56860228218e-06,-1.01971070593e-05,6.84456377174e-06
6.1,-9.89757549118e-07,1.54034370658e-07,-7.97540734731e-07,-3.28101249747e-06,2.45916035356e-06,-2.47219038765e-06,-1.46426765524e-06,-3.77478678282e-07,0.00306821786597,3.22742049501e-07,5.38146468745e-07,0.000694046064188,3.16466070618e-06,-1.49814593747e-05,6.8740478471e-06
6.2,-9.81343568859e-07,3.33818633252e-07,-8.94679203339e-07,-2.13910941741e-06,2.79469971431e-06,-2.84342168101e-06,-2.15812820481e-06,-2.23952784181e-07,0.00258817791338,3.11035009041e-07,5.45561560925e-07,0.000617701979564,2.29657680639e-06,-1.99342523953e-05,6.90590207146e-06
6.3,-9.19000141299e-07,5.0015442828e-07,-9.68461365204e-07,-3.74282180898e-06,4.8007283328e-06,9.86007695779e-07,-2.73628879556e-06,-3.85469061483e-08,0.0018939207549,2.94079827057e-07,5.52079682006e-07,0.000508447895266,1.09672892357e-06,-2.46683596038e-05,6.93914972137e-06
6.4,-9.89951370995e-07,7.79792772317e-07,-7.12928020084e-07,-3.8597884393e-06,5.73640376386e-06,1.11736944779e-06,-3.28272129477e-06,2.07334969417e-07,0.000838312185929,2.68203118979e-07,5.58679648618e-07,0.000344662532179,-4.92354957834e-07,-2.97255558529e-05,6.96277971957e-06
6.5,-1.04462155677e-06,1.0619010623e-06,-5.19237064422e-07,-3.76282983578e-06,9.93164229296e-06,4.79771472657e-07,-3.73023186363e-06,4.00203880587e-07,-0.000570853191002,2.33436913945e-07,5.65238759314e-07,0.000129320622895,-2.0692088512e-06,-3.4817412742e-05,6.97941461094e-06
6.6,-1.06328658048e-06,1.54422393344e-06,-3.65817757575e-07,-2.61368366039e-06,1.15011792383e-05,-6.705333597e-07,-4.08407197141e-06,5.26301207848e-07,-0.00257003052185,1.83941397431e-07,5.71532013107e-07,-0.000171779991364,-3.17569606024e-06,-3.94596202592e-05,6.99075556894e-06
6.7,-9.9218609185e-07,2.02429556679e-06,-3.70229113801e-07,-6.04256576615e-07,1.52600552499e-05,-4.01796105893e-07,-4.24534190957e-06,4.51306893843e-07,-0.00513018039193,1.20322851238e-07,5.77071512462e-07,-0.000551736992859,-2.49151360579e-06,-4.29388960923e-05,7.00187009519e-06
6.8,-7.84708371881e-07,2.64370441531e-06,-3.73160325836e-07,2.13697846238e-06,1.7900885038e-05,-2.94765393955e-07,-4.3038354855e-06,1.69804558533e-07,-0.00838894225836,3.92383710657e-08,5.81164340917e-07,-0.0010285079379,2.12391752277e-06,-4.46095153699e-05,7.01272835684e-06
6.9,-4.15454989867e-07,3.26698380774e-06,-3.26600819347e-07,1.56110800331e-06,1.75569589272e-05,3.75841530585e-07,-4.06936748055e-06,-1.02306313116e-06,-0.0123101953932,-5.82799018258e-08,5.83039053522e-07,-0.00159424038684,1.38801802966e-05,-4.45451851987e-05,7.02194893632e-06
7,-2.01679657631e-07,3.66513746243e-06,-2.3156959934e-07,8.82988554423e-07,1.89410679646e-05,1.18640633191e-06,-3.75553124688e-06,-3.43253825522e-06,-0.0166011499946,-1.64870653871e-07,5.83630071263e-07,-0.0022043481843,3.58807928056e-05,-4.37868007797e-05,7.02829823744e-06
7.1,-2.09583858288e-07,4.02515154524e-06,-8.54503344422e-08,-4.07036929171e-06,1.93316920174e-05,2.55699911962e-07,-3.48161578649e-06,-7.03766986099e-06,-0.0211998142195,-2.78891911414e-07,5.8412475916e-07,-0.00284844049328,7.22854954178e-05,-4.22948675356e-05,7.03057596854e-06
7.2,-7.21372914676e-07,4.27671545867e-06,-4.06044728205e-08,-9.31563005488e-06,1.88150632102e-05,1.47878046891e-07,-2.20634051655e-06,-1.25770195216e-05,-0.0259864746089,-3.97637717353e-07,5.87230144902e-07,-0.00350733730083,0.000126837643062,-3.50414576902e-05,7.03162574345e-06
7.3,-1.70752846281e-06,4.34986116586e-06,-3.28515640606e-08,-2.06759757351e-05,1.69876112032e-05,-6.2247348966e-07,9.32926898272e-07,-1.99553155312e-05,-0.0307381874355,-5.15718917462e-07,5.95666059228e-07,-0.00414899754248,0.000200964406766,-9.31697739547e-06,7.03244451157e-06
7.4,-3.5078803326e-06,4.11233888337e-06,-5.77201950274e-08,-3.8393962693e-05,1.21482231568e-05,1.91142851723e-07,9.15883513307e-06,-2.89683137784e-05,-0.0351114408483,-6.25317457837e-07,6.14183423036e-07,-0.00472565328131,0.000290051940737,6.49526155496e-05,7.03383823961e-06
7.5,-6.4184540188e-06,3.3008145498e-06,-2.06689580332e-08,-6.30567584733e-05,-1.80299246952e-06,-8.0363475849e-07,2.81006997612e-05,-3.70285013331e-05,-0.0385492407931,-7.13846985379e-07,6.48918502631e-07,-0.00516322726513,0.00037612588741,0.00024322800949,7.03428027392e-06
7.6,-1.02385706326e-05,1.14545967201e-06,-7.00263230001e-08,-8.81225797985e-05,-2.86118053517e-05,1.34873284686e-06,6.39022267133e-05,-3.93148621976e-05,-0.0399988818918,-7.57380122155e-07,7.03317359644e-07,-0.00532725029752,0.000407490363777,0.000591271196598,7.03582489183e-06
7.7,-1.42857497518e-05,-3.16040277033e-06,7.81042071668e-08,-0.00011130716903,-8.68181437071e-05,1.20987993204e-06,0.000120283016461,-2.59360483971e-05,-0.0383367499684,-7.30858447273e-07,7.73847457011e-07,-0.00508280549762,0.000291051426443,0.00114411721705,7.03390769272e-06
7.8,-1.75145481755e-05,-1.13648897874e-05,1.6942998496e-07,-0.000115102788304,-0.000186223677557,1.92012442346e-06,0.000192008681119,1.95266961902e-05,-0.0326331632942,-6.18244422493e-07,8.49054543507e-07,-0.00432039355049,-0.000133585707374,0.0018594972248,7.02998266794e-06
7.9,-1.78714449485e-05,-2.49455463898e-05,3.16841137903e-07,-6.89109438794e-05,-0.000338358205892,2.99135281529e-06,0.000262357169826,0.000116168911701,-0.0234022949078,-4.44113019825e-07,9.11010993177e-07,-0.00310266269292,-0.00105677511379,0.00257214673608,7.02297898338e-06
8,-1.18569065014e-05,-4.52178204745e-05,5.12523240981e-07,6.49532415261e-05,-0.000533580911534,1.62139355614e-06,0.000301501822103,0.000280010003033,-0.013824573448,-3.16415006499e-07,9.41569757394e-07,-0.00176281342137,-0.00264460620159,0.00299113297668,7.01209458259e-06
8.1,5.46435293219e-06,-7.21655791026e-05,5.69915324411e-07,0.000332410223263,-0.000743134857995,1.56627934934e-06,0.000275937711311,0.000516113031868,-0.0099981792666,-4.43679702842e-07,9.30526419908e-07,-0.000877456624407,-0.00495394419134,0.00277053691839,7.00047939175e-06
8.2,4.06793307259e-05,-0.000104149109956,6.11590075885e-07,0.000786326592983,-0.000916890032315,2.1325647222e-06,0.000156978537137,0.000814710076733,-0.0190216399376,-1.08678472669e-06,8.77860277189e-07,-0.00101760522247,-0.00789773341473,0.00160198193478,6.98854599298e-06
8.3,0.000102710059013,-0.000137518005783,6.88375604507e-07,0.00146190751788,-0.000996591719835,-4.95368432447e-08,-7.75017250564e-05,0.00115484224132,-0.044671005858,-2.41470518844e-06,7.87765371341e-07,-0.00233474764216,-0.0112766355309,-0.000764324524873,6.97562140422e-06
8.4,0.00020269073445,-0.000165242082281,5.37205737752e-07,0.00239344808373,-0.000902591469661,-1.56680365912e-06,-0.000462505121086,0.00150562492118,-0.0797189643695,-4.2063827648e-06,6.63137536428e-07,-0.0039683852817,-0.0147906944044,-0.00465739908104,6.96623405334e-06
8.5,0.000352171344207,-0.000171208761431,2.84687726439e-07,0.00357569592585,-0.000478543475699,-3.84653200633e-06,-0.00107178707009,0.00180834646913,-0.108850283721,-5.9241031584e-06,5.22544105987e-07,-0.00444407617815,-0.0179392417873,-0.0107186994881,6.96221808239e-06
8.6,0.000552163159645,-0.000125985202942,-1.55439688712e-07,0.00489352623387,0.000505675296183,-5.24500905826e-06,-0.00199612911849,0.00196125320678,-0.124156480014,-7.32570014059e-06,4.61030134309e-07,-0.00290410943074,-0.0198557895646,-0.019816206769,6.96683366128e-06
8.7,0.000782121704238,7.01319306951e-06,-6.72510571814e-07,0.00610030984062,0.00229211648716,-7.78587694222e-06,-0.00329166994019,0.001800023686,-0.127650839264,-8.87648673251e-06,6.96780120661e-07,0.00154302659956,-0.0190127325632,-0.0326221839139,6.98064037608e-06
8.8,0.000998382358292,0.000260774899231,-1.35638708939e-06,0.00681998792393,0.00506796635346,-1.15299691536e-05,-0.00491908541265,0.00107597093036,-0.121750444937,-1.19751633869e-05,1.49796516908e-06,0.0120913518162,-0.0129415269622,-0.0489491439644,7.00464094638e-06
8.9,0.00113936212557,0.000654646864627,-2.26969660931e-06,0.00651875369231,0.00889209503628,-1.81394854811e-05,-0.006677370369,-0.00050398394534,-0.104221642747,-1.91205916517e-05,2.97548059346e-06,0.0354746330707,0.00136229511469,-0.067023885031,7.03876244798e-06
9,0.00113140080843,0.00118700916285,-3.62091578089e-06,0.00450524940718,0.0136107475716,-3.13343511649e-05,-0.00819420507749,-0.00312078661967,-0.0711122641961,-3.35727878698e-05,4.86559430515e-06,0.080544722383,0.0259678996899,-0.0833046508484,7.0837589152e-06
9.1,0.000898638868393,0.00183479409872,-5.93571696215e-06,0.000134260238398,0.0187880890401,-5.66094800806e-05,-0.0090554896506,-0.00664436157663,-0.023163101022,-5.83533822593e-05,6.5049976151e-06,0.154827481454,0.0601743940055,-0.0935210359795,7.14708168597e-06
9.2,0.000377005599404,0.00256624573423,-1.04007831067e-05,-0.00693413157376,0.0237995656238,-0.000104007172937,-0.00903263594147,-0.0106249303823,0.0348179651035,-9.55200901944e-05,7.13287742706e-06,0.263417011436,0.100300204799,-0.0947223629099,7.2550637348e-06
9.3,-0.000489319396769,0.00335292630429,-1.8877547448e-05,-0.0166302628688,0.0279623590726,-0.000178712079888,-0.0081792426008,-0.0145204390708,0.103924280198,-0.000147266328274,6.3532435723e-06,0.41437749005,0.141658886127,-0.0865461216551,7.4623844317e-06
9.4,-0.00175601121581,0.00414483160329,-3.3099332456e-05,-0.0285384708512,0.0303741858098,-0.000286457404394,-0.00676712794037,-0.0177957044524,0.199912887101,-0.000218386453171,4.53884212297e-06,0.627322528064,0.179871232389,-0.0711507356636,7.84282511459e-06
9.5,-0.00343141142388,0.00480362829566,-5.3640330079e-05,-0.041391862422,0.0295863641274,-0.000408852844798,-0.00536825183504,-0.0196712624135,0.35269564752,-0.000317316003555,3.40153845648e-06,0.936100602963,0.209594498727,-0.0540964799997,8.45640190526e-06
9.6,-0.00531324219961,0.00504624924707,-7.52723296322e-05,-0.0516235911345,0.0238232716943,-0.000484186221852,-0.00510199754575,-0.0188224496255,0.596609853866,-0.000452012200983,6.77100371767e-06,1.37421490304,0.223212051851,-0.0469772895176,9.2219540499e-06
9.7,-0.00674788849255,0.00452036133469,-8.04685996726e-05,-0.0521293294364,0.0132238259123,-0.000376271964793,-0.00735693132965,-0.013681945704,0.939342483975,-0.000615582474868,1.98128978613e-05,1.92493899473,0.213940062157,-0.0661470619796,9.67050635084e-06
9.8,-0.00674015578807,0.00322559610577,-4.23548466728e-05,-0.0370814476633,0.00424638564585,-5.75342818553e-07,-0.0120276052925,-0.00434844549682,1.31026336101,-0.000768740525422,4.31266245224e-05,2.45880494631,0.185009387116,-0.116207024731,8.89748455062e-06
9.9,-0.00504887576795,0.00193713204567,3.93755121254e-05,-0.0143638580795,0.00549311704514,0.000405956286731,-0.016161975007,0.00536471758242,1.58467465316,-0.000861796023195,6.667581885e-05,2.80575345531,0.151210710424,-0.171281311121,6.46927672752e-06
10,-0.00284124767596,0.00140792835083,0.000119959603827,0.0012022534497,0.0136837779728,0.000564057076451,-0.0171999164421,0.0114243737339,1.71419871105,-0.000890000383604,7.95449118708e-05,2.94320694191,0.122191580959,-0.201626615613,3.24240796249e-06
10.1,-0.00118929126456,0.00146785525344,0.000169547789931,0.00741836965345,0.020413186336,0.000560346215997,-0.01564524726,0.0138041336514,1.73957517548,-0.000883789433662,8.14834909877e-05,2.96425515355,0.0983499658742,-0.206542286635,2.19039907861e-07
10.2,-0.000199315348611,0.00168496084106,0.000197664999477,0.00928468808917,0.0237078515978,0.000543251511622,-0.0131309203842,0.0141713480648,1.7109879826,-0.000867570881472,7.74717820653e-05,2.94306859811,0.079728505128,-0.198741857353,-2.4253557691e-06
10.3,0.000381466185387,0.00189553726334,0.000220213599445,0.00993698373886,0.0250657046237,0.000552186987327,-0.010689989547,0.0136869861152,1.66159488402,-0.000851967830453,7.13162717404e-05,2.91323549628,0.0663983685429,-0.187065187119,-4.98366012457e-06
10.4,0.000756410680784,0.0020906402293,0.000244610697231,0.0104739062169,0.0256474377558,0.000576658529573,-0.00863217175297,0.0129090030569,1.60714527097,-0.000839476793586,6.4856866739e-05,2.88550950339,0.057290651494,-0.17525563794,-7.76264370835e-06
10.5,0.00104489180244,0.00228059424137,0.000272207322291,0.0112325779296,0.025850705991,0.00060825071569,-0.0069508026749,0.012051955299,1.55227933091,-0.000829556448482,5.88263070811e-05,2.86121488208,0.0511382572094,-0.16448769337,-1.0949817932e-05
10.6,0.00131178374547,0.00246484990441,0.000302223348167,0.0122447530452,0.0257507817945,0.000638692953646,-0.0055758769437,0.0111818201687,1.49747636279,-0.000821207730342,5.35116678063e-05,2.83928955576,0.0470454168553,-0.154991562467,-1.46347504899e-05
10.7,0.0015882649173,0.0026349384904,0.000333089449474,0.0134251292999,0.0253513648085,0.000663864895894,-0.0044451733595,0.0103111606307,1.44211875381,-0.00081362713508,4.90549909143e-05,2.81849454506,0.0444521053873,-0.146725868816,-1.88409328495e-05
10.8,0.00188542678862,0.00277942868795,0.000363187871682,0.0146524116325,0.0246418179319,0.000684999613209,-0.00351411863235,0.00943596384471,1.38526358855,-0.000806219146893,4.55627257075e-05,2.79775870474,0.0430051847615,-0.139599832306,-2.35469441931e-05
10.9,0.00220181761439,0.00288603113175,0.000391468585099,0.0158061186718,0.0236098967987,0.000698908871728,-0.00275208558478,0.00854561084775,1.32581149005,-0.000798531128907,4.31408673528e-05,2.77616300047,0.0424741426186,-0.133537374897,-2.8704634944e-05
11,0.00252745184579,0.00294263260816,0.000416846892198,0.0167569240179,0.022254514156,0.00070583971457,-0.00213908540088,0.00762953032877,1.26261716241,-0.000790218944048,4.18998874003e-05,2.75292856858,0.0427016254431,-0.128490394893,-3.42439542789e-05
11.1,0.00284471277255,0.0029388121814,0.000438618254359,0.017383398697,0.0205943938932,0.000709554517301,-0.00166226962004,0.00667911077562,1.19463172497,-0.000781041500748,4.1942924169e-05,2.72744598872,0.0435706833932,-0.124435136676,-4.0081484631e-05
11.2,0.0031299127333,0.00286746336779,0.000456534937218,0.0175603062042,0.0186604926947,0.000705151369581,-0.00131263345941,0.00569037938302,1.12109369008,-0.000770873320093,4.33433070326e-05,2.69933725271,0.044981601616,-0.121360752122,-4.61290551137e-05
11.3,0.00335400769608,0.00272629630912,0.000470115427733,0.0171737273178,0.0165180907108,0.000693020137822,-0.00108284926496,0.00466767288443,1.04180260497,-0.000759732038944,4.61119851612e-05,2.66855469198,0.046833523663,-0.119253717923,-5.22935116419e-05
11.4,0.00348512822809,0.00252050256835,0.000478983562957,0.0161325768157,0.0142622139293,0.000678085227913,-0.000962919319613,0.00362558871366,0.957411015409,-0.000747804608586,5.01596587298e-05,2.63548083898,0.0490108182725,-0.118078411783,-5.8481733384e-05
11.5,0.00349257460878,0.00226426724593,0.000483344651276,0.0143920482172,0.0120276672586,0.000658411575283,-0.000939325958952,0.00258946273549,0.869668571315,-0.00073545782135,5.52637674063e-05,2.60099485962,0.0513760473744,-0.11775781747,-6.46121807639e-05
11.6,0.00335252691067,0.00198189992324,0.000483270670808,0.011982887359,0.00996909056257,0.000631839267277,-0.000992800007067,0.00159485014848,0.781503369284,-0.000723216443091,6.10529124235e-05,2.56645921752,0.0537717632474,-0.118159078255,-7.06174131929e-05
11.7,0.00305465624396,0.00170536879434,0.000478725732168,0.00901456467132,0.00823829831684,0.000598564520944,-0.00109919156655,0.000682362624572,0.696824544431,-0.00071169741715,6.70250250648e-05,2.53358658671,0.0560329797404,-0.119091313106,-7.64457419296e-05
11.8,0.0026062505618,0.00146982360136,0.000469919258343,0.00567263252704,0.00695256639815,0.000561546708856,-0.00123148852136,-0.000107385776065,0.620015619461,-0.000701505861075,7.26036475892e-05,2.50418832059,0.0580078325397,-0.120320101655,-8.20646745805e-05
11.9,0.00203325536541,0.00130686854242,0.000457230597763,0.0022115027292,0.00617217609316,0.000518703670837,-0.00136299983021,-0.00074270450533,0.555214610425,-0.000693120242638,7.72223308627e-05,2.47986400283,0.0595803314952,-0.121596963567,-8.74598601349e-05
12,0.00137780620415,0.00123817555068,0.000441105409149,-0.00111587708088,0.00587872169071,0.000474147964376,-0.00147116045354,-0.00120574454343,0.505530357105,-0.000686794283248,8.04189774906e-05,2.4616989326,0.0606888191369,-0.122697719859,-9.26293623213e-05
12.1,0.000689561864274,0.00127081256379,0.000422178785774,-0.00407526882722,0.00599192627693,0.000425741695086,-0.00154024542988,-0.00149550141082,0.472509976802,-0.000682517913869,8.19043892485e-05,2.45009403549,0.0613315856436,-0.123456092476,-9.75779194295e-05
12.2,1.80225076064e-05,0.00139740350473,0.000400990008881,-0.00651103066928,0.0063816995167,0.000375260388997,-0.00156256908995,-0.00162714660783,0.455953960954,-0.000680038707691,8.1590054298e-05,2.44475000853,0.0615597751119,-0.123783404993,-0.000102308573412
12.3,-0.000595971861079,0.00159858108257,0.000378007800162,-0.00833660928903,0.00691629199513,0.000329087935618,-0.00153752391217,-0.00162723967156,0.454150411034,-0.000678937128001,7.95683648385e-05,2.44481185611,0.0614597416095,-0.12366886011,-0.000106817430959
12.4,-0.00112390159701,0.00184891029628,0.000354119785771,-0.00954996755506,0.00747017256159,0.000283640882073,-0.00147055522326,-0.00152857870198,0.464349423949,-0.000678719346425,7.60626226146e-05,2.44908924566,0.0611325460731,-0.123164709991,-0.000111097420449
12.5,-0.00155111269495,0.00212115527113,0.000329687843681,-0.0101969316519,0.00795411339991,0.000243035189969,-0.00137019605128,-0.00136479088398,0.483347983382,-0.000678904960822,7.13655476682e-05,2.45629356218,0.0606756582737,-0.122362522987,-0.000115134141206
12.6,-0.00187450017691,0.0023909306982,0.000305285250103,-0.0103630760722,0.00831085618553,0.000206631399281,-0.00124627007581,-0.00116610577106,0.507978799776,-0.000679086058315,6.5786661562e-05,2.46521950314,0.06017115694,-0.121369603309,-0.00011891184348
12.7,-0.00209967635604,0.0026382737781,0.000281220825603,-0.0101519307825,0.00851189833075,0.000171889151311,-0.00110843733385,-0.000956767341351,0.535463186184,-0.000678958654884,5.961603028e-05,2.47486104435,0.0596802165838,-0.12028965139,-0.000122414561231
12.8,-0.00223795701805,0.00284858602798,0.000257599437267,-0.0096647016256,0.00854694506615,0.000140147843366,-0.000964995246153,-0.000754712810042,0.563592674048,-0.000678328586571,5.31061756211e-05,2.48445842813,0.0592428395539,-0.11921035062,-0.000125627599166
12.9,-0.00230294623761,0.0030118813245,0.000234545339922,-0.00898605899752,0.00842198648075,0.000113236091939,-0.000822888433234,-0.000571432905997,0.590764272709,-0.000677101250464,4.64691422426e-05,2.493492346,0.0588808506198,-0.118197742966,-0.000128540512526
13,-0.00230826040155,0.00312241634208,0.000212377678342,-0.00819051222435,0.00815239161641,8.94472892821e-05,-0.000686711510736,-0.000413242185105,0.615920064368,-0.000675262865256,3.98810410154e-05,2.50164792067,0.058602200734,-0.117295684167,-0.000131150861845
13.1,-0.00226650073044,0.00317804537192,0.00019119246237,-0.00734050973753,0.00775542765261,6.67970094607e-05,-0.00056031258259,-0.000282426847106,0.6384516623,-0.000672860311051,3.34876865532e-05,2.50877011844,0.0584051626512,-0.116528065059,-0.000133462552779
13.2,-0.00218892858871,0.00317944245427,0.000170938487423,-0.00647674794313,0.0072528710183,4.59906647375e-05,-0.000445415643807,-0.000178106908471,0.658094934484,-0.000669982090943,2.74089765187e-05,2.51482022072,0.0582818931887,-0.115902442638,-0.000135484311141
13.3,-0.0020845650665,0.00312963761821,0.000151639320002,-0.00563099396475,0.00666888029035,2.76036491438e-05,-0.000342597658472,-9.83322499553e-05,0.674824049002,-0.000666741002176,2.17413997316e-05,2.51983578575,0.0582212912769,-0.115414440337,-0.000137229840168
13.4,-0.0019607830736,0.00303361815077,0.000133343422827,-0.00482580482339,0.00602701728083,1.14966806112e-05,-0.000252536435566,-3.96278088921e-05,0.688770384396,-0.000663259652562,1.65581445671e-05,2.52390053477,0.058211019969,-0.11505174081,-0.000138717075954
13.5,-0.00182361709496,0.00289769201731,0.000116149131657,-0.00407125865559,0.00535069238176,-3.3904032309e-06,-0.000174502263391,1.40420526476e-06,0.700162561053,-0.000659659705095,1.19082304727e-05,2.52712320341,0.0582388319625,-0.114797378878,-0.000139967531491
13.6,-0.00167760806025,0.00272899954672,0.000100038259392,-0.00337788978699,0.00465707412851,-1.47409345812e-05,-0.000107815219516,2.85182721981e-05,0.709276045519,-0.000656053114952,7.81699186244e-06,2.52962081291,0.0582934918865,-0.1146326224,-0.000141003830603
13.7,-0.00152659727417,0.00253463280019,8.51338861507e-05,-0.00274701185305,0.00396578317228,-2.50720258427e-05,-5.17110092909e-05,4.50629358069e-05,0.716405720147,-0.000652537573682,4.28752570922e-06,2.53150964366,0.0583652086379,-0.114538779867,-0.000141850114051
13.8,-0.00137360411322,0.00232172338596,7.1357577822e-05,-0.00217753582975,0.00329073787652,-3.23405891395e-05,-4.98901786548e-06,5.37080397814e-05,0.721844758171,-0.000649193348558,1.30321595406e-06,2.53289865247,0.0584458681308,-0.114498560982,-0.000142529141299
13.9,-0.00122094922585,0.00209684913235,5.88568766005e-05,-0.00167049779644,0.00264969612269,-3.94484668486e-05,3.36474801466e-05,5.68087499601e-05,0.72587072484,-0.000646082746843,-1.16851420104e-06,2.53388601705,0.0585290444757,-0.114496822748,-0.000143063943189
14,-0.00107079117292,0.0018662859879,4.74481529979e-05,-0.00122234467209,0.00204834096659,-4.321431563e-05,6.46259575599e-05,5.61529316631e-05,0.728739300177,-0.000643250210655,-3.17233735672e-06,2.5345578514,0.0586099117534,-0.114520879516,-0.000143474207936
14.1,-0.000924833892547,0.00163522602119,3.72562476215e-05,-0.000831455969908,0.00149453419403,-4.73099747557e-05,8.92822263535e-05,5.34336174734e-05,0.730680194674,-0.000640724301962,-4.76024737334e-06,2.5349877486,0.0586850604456,-0.114560527669,-0.000143779173842
14.2,-0.000784613236949,0.00140804819863,2.81485127731e-05,-0.000494283367013,0.000989572532652,-5.086846554e-05,0.000108330806003,4.93163964173e-05,0.731897330936,-0.000638520135674,-5.98792980943e-06,2.5352377253,0.0587522611955,-0.114607821288,-0.000143995167232
14.3,-0.000651463750415,0.00118817824342,1.99668991395e-05,-0.000201962650141,0.000538822160931,-5.16731742225e-05,0.000122580578402,4.48397991082e-05,0.732568619257,-0.000636641736246,-6.91119302247e-06,2.53535903112,0.0588102473447,-0.114656809036,-0.000144135522388
14.4,-0.000526037639803,0.000978582100878,1.2849674867e-05,4.37141605965e-05,0.000141119223031,-5.37452404648e-05,0.000132865554649,4.05748466459e-05,0.732843991263,-0.000635084002452,-7.58379189555e-06,2.53539275296,0.0588585218452,-0.114703320662,-0.000144213531606
14.5,-0.000409270644596,0.000781301218578,6.49363040713e-06,0.000251628791422,-0.000203625383803,-5.53116290921e-05,0.000139380115171,3.6779941414e-05,0.732851210919,-0.000633835109871,-8.05543905755e-06,2.53537171259,0.0588971416147,-0.114744546851,-0.000144238541546
14.6,-0.000301489769448,0.000597943126604,8.90623862823e-07,0.00042175805955,-0.000499096625203,-5.51856758269e-05,0.000142973628078,3.34722550697e-05,0.732695328471,-0.000632878173597,-8.37088528409e-06,2.53532123824,0.0589265650354,-0.114778820851,-0.000144218924255
14.7,-0.000203173763926,0.000429454867189,-3.95214922681e-06,0.000559167814437,-0.00074731123277,-5.33196609078e-05,0.000144032106983,3.08931266093e-05,0.732461696799,-0.000632192840167,-8.5691175218e-06,2.53526059273,0.058947507896,-0.114805312412,-0.000144162418342
14.8,-0.000114518788232,0.000276393633595,-7.98133981286e-06,0.00066965591188,-0.00094772557503,-5.29377559305e-05,0.000142907503772,2.86459872868e-05,0.73221838089,-0.000631756502658,-8.68328169396e-06,2.53520390763,0.0589608360739,-0.114823827532,-0.000144076689881
14.9,-3.53677248273e-05,0.000139243033745,-1.14458781844e-05,0.000751973555068,-0.001106425715,-5.05787038022e-05,0.000140065798659,2.72514061587e-05,0.732016689883,-0.000631544887829,-8.7410026933e-06,2.53516082013,0.0589675002596,-0.114834676941,-0.000143966708748
15,3.42207016577e-05,1.79405949479e-05,-1.42059559146e-05,0.000812785615047,-0.00122592004725,-4.90013285067e-05,0.000135263311735,2.63953813815e-05,0.731894412912,-0.00063153307712,-8.7644692252e-06,2.53513760675,0.0589684586818,-0.114838472035,-0.000143838416046
15.1,9.46324510141e-05,-8.77410026331e-05,-1.64545833922e-05,0.000854908479764,-0.00130999109392,-4.59792809518e-05,0.000129034281199,2.60816919294e-05,0.731877082307,-0.000631696104559,-8.77107887428e-06,2.53513767484,0.0589646393029,-0.114836039344,-0.000143695815371
15.2,0.000146255782371,-0.000178217916516,-1.81522418603e-05,0.000878634421181,-0.00135924064273,-4.51512720232e-05,0.000121515584057,2.61742151047e-05,0.731980020402,-0.000632009389629,-8.77398039191e-06,2.53516224036,0.0589569104568,-0.114828317677,-0.000143543131977
15.3,0.000189436864462,-0.00025390840101,-1.95251558328e-05,0.000888093173982,-0.00138412050574,-4.39013764589e-05,0.000113319439729,2.64967006804e-05,0.732208967063,-0.000632448821499,-8.78265058814e-06,2.53521082143,0.0589460709705,-0.114816293003,-0.000143382537449
15.4,0.000224758133722,-0.000315916044607,-2.06046210879e-05,0.000884181244609,-0.00138003290302,-4.21232062015e-05,0.000104223700195,2.70051256106e-05,0.732564070391,-0.000632991903697,-8.80337232861e-06,2.53528186898,0.0589328168983,-0.114800906856,-0.000143215949359
15.5,0.000252613209761,-0.000364755984692,-2.13817235248e-05,0.000869289074881,-0.00135576564947,-3.84508883355e-05,9.43934283095e-05,2.75477206622e-05,0.733038996845,-0.000633616871648,-8.83988340496e-06,2.53537288183,0.0589177724515,-0.114783066855,-0.000143045373233
15.6,0.000273634357102,-0.000401475587844,-2.17621319476e-05,0.000845460810958,-0.0013102985245,-3.52297937101e-05,8.40620493437e-05,2.80276354084e-05,0.733623460685,-0.000634303634703,-8.89390162851e-06,2.53548089212,0.0589014700413,-0.114763587578,-0.000142873655801
15.7,0.000288413341934,-0.000426857457564,-2.17938030019e-05,0.000814883084803,-0.00124779880494,-3.21270571849e-05,7.33382091791e-05,2.85602281871e-05,0.734303194991,-0.000635033381987,-8.96559392348e-06,2.53560254598,0.058884373292,-0.114743200855,-0.000142703253849
15.8,0.00029763924553,-0.000441863086466,-2.15655789091e-05,0.00077660629262,-0.00117344682821,-3.15596371001e-05,6.24350463367e-05,2.91685923981e-05,0.735062343036,-0.000635788978938,-9.05407583101e-06,2.53573441077,0.0588668741517,-0.114722531345,-0.000142535914051
15.9,0.000301776349157,-0.000447638247461,-2.12962375285e-05,0.00073568497086,-0.00108740128937,-2.98907220219e-05,5.16424862684e-05,2.95809050094e-05,0.735883694374,-0.000636555060948,-9.15749700317e-06,2.53587316824,0.0588492985441,-0.114702088152,-0.000142371621689
16,0.000301576978747,-0.000445097767012,-2.09182590575e-05,0.000689358167746,-0.000992320530736,-2.7217472074e-05,4.06275521676e-05,2.98343342315e-05,0.736749766882,-0.000637318017566,-9.2737440066e-06,2.53601570097,0.0588319166657,-0.114682275557,-0.000142210993153
16.1,0.000297473553487,-0.000435214697174,-2.03663050196e-05,0.000642175709359,-0.000889600232324,-2.39373239359e-05,2.97856828991e-05,2.99547640844e-05,0.737643343831,-0.000638065784863,-9.40028261996e-06,2.53615910729,0.0588149566125,-0.114663406196,-0.000142055231534
16.2,0.000290139517686,-0.000418809362409,-1.96154283241e-05,0.000591470684417,-0.000780831615267,-2.01221976127e-05,1.90845619296e-05,3.00365763448e-05,0.73854767147,-0.00063878795024,-9.53475843735e-06,2.53630082722,0.0587986059161,-0.11464570285,-0.000141905773402
16.3,0.000280013042916,-0.000396762622217,-1.86124733915e-05,0.000540695277205,-0.000670950709919,-1.73073428425e-05,8.66511285034e-06,3.01428073178e-05,0.73944739734,-0.000639475637529,-9.67487570388e-06,2.53643865693,0.0587830186637,-0.114629309734,-0.000141764501102
16.4,0.000267611014594,-0.000370094450724,-1.75656344217e-05,0.000488542896394,-0.000560326153536,-1.74977102601e-05,-1.65796128907e-06,2.992081415e-05,0.740328609911,-0.000640121719327,-9.81852387462e-06,2.53657079779,0.0587683149205,-0.114614299734,-0.000141631640189
16.5,0.000253298381722,-0.00033966495109,-1.66281763367e-05,0.000437738593623,-0.000447662758508,-1.5561992787e-05,-1.12555270507e-05,2.97615142131e-05,0.741179389434,-0.00064072051221,-9.96378258992e-06,2.53669581492,0.0587545893109,-0.114600691014,-0.00014150623156
16.6,0.000237630482122,-0.000306100603678,-1.56753837139e-05,0.000387752148432,-0.000336688364745,-1.37312831444e-05,-2.06821850037e-05,2.93423003148e-05,0.74199016903,-0.00064126770835,-1.01093267204e-05,2.53681266977,0.0587419123255,-0.114588452484,-0.00014138834074
16.7,0.000220945664231,-0.000270126778731,-1.47145265478e-05,0.000339494302606,-0.000228829181033,-1.1849298586e-05,-2.94920787956e-05,2.87812026122e-05,0.74275303589,-0.00064176026694,-1.02541550418e-05,2.53692067181,0.0587303335699,-0.114577516516,-0.000141277993331
16.8,0.000203597683842,-0.000232532581365,-1.36988763334e-05,0.000293094654058,-0.0001227444612,-1.00533614321e-05,-3.79180172867e-05,2.82478837065e-05,0.743462280223,-0.000642196442911,-1.03975491731e-05,2.5370194467,0.0587198821941,-0.114567789306,-0.000141175588157
16.9,0.000185878450185,-0.000193763784541,-1.26667931283e-05,0.00024579198646,-2.17459313132e-05,-7.82489485117e-06,-4.56750644952e-05,2.77449768839e-05,0.744113959001,-0.000642575365586,-1.05391770741e-05,2.53710887504,0.0587105742247,-0.114559160956,-0.00014108122523
17,0.00016785503964,-0.000154469021626,-1.1572197878e-05,0.00020396479209,7.47639265342e-05,-3.88312693513e-06,-5.27925535787e-05,2.70466256694e-05,0.74470536063,-0.000642896976518,-1.0678673944e-05,2.53718899984,0.0587024155672,-0.114551519346,-0.000140995354403
17.1,0.000150026384118,-0.000115110241303,-1.02869731634e-05,0.000163013406577,0.000166891794053,-3.3894771186e-06,-5.94786530848e-05,2.63751937016e-05,0.745235694915,-0.000643162250272,-1.08162611604e-05,2.53726015334,0.0586953919042,-0.114544737972,-0.000140919386717
17.2,0.000132435783954,-7.60754919147e-05,-9.1701805565e-06,0.000126292627726,0.000255180768874,-5.72366138693e-07,-6.5538827267e-05,2.55747422634e-05,0.745706282672,-0.000643372616449,-1.09521470237e-05,2.53732273932,0.0586894843602,-0.114538700088,-0.000140851995665
17.3,0.000115381448365,-3.75995393359e-05,-7.95545581157e-06,9.11652301046e-05,0.000334758277634,5.45661882549e-07,-7.09812147493e-05,2.48469601172e-05,0.746118236776,-0.000643530064164,-1.10869233799e-05,2.53737732609,0.0586846622485,-0.114533287663,-0.000140793866876
17.4,9.8932880709e-05,-3.03366090611e-07,-6.81501494968e-06,5.8669287454e-05,0.000408431108469,2.80807048996e-06,-7.57362288059e-05,2.40549816708e-05,0.746474289355,-0.000643637208781,-1.12209974973e-05,2.53742452883,0.0586808852674,-0.114528396684,-0.000140744385978
17.5,8.31260786194e-05,3.55930328452e-05,-5.6434301422e-06,2.80959072354e-05,0.000477542194685,4.67762701219e-06,-7.99939273993e-05,2.312299998e-05,0.746777564634,-0.000643696864089,-1.13547394237e-05,2.53746496423,0.0586781106637,-0.11452393792,-0.000140703718351
17.6,6.80693203408e-05,6.99751044552e-05,-4.47041756385e-06,-4.41125531969e-08,0.000539500351313,3.90992398793e-06,-8.36385412071e-05,2.20111378621e-05,0.747031310892,-0.000643712007902,-1.14886111359e-05,2.53749927064,0.0586762916845,-0.114519832669,-0.000140671799908
17.7,5.37618240477e-05,0.000102586515505,-3.51350950665e-06,-2.61749103376e-05,0.000594110217931,4.20555773205e-06,-8.70113760803e-05,2.09855281876e-05,0.74723926255,-0.000643685760236,-1.1622901262e-05,2.53752803601,0.0586753801977,-0.1145160201,-0.000140646977215
17.8,4.02141322925e-05,0.000133149093705,-2.66774834921e-06,-5.08707721482e-05,0.000643935055734,4.89720642682e-06,-8.96058376812e-05,1.97153551654e-05,0.747404446979,-0.000643621398161,-1.17577146111e-05,2.53755179888,0.058675325608,-0.114512455527,-0.00014062837912
17.9,2.73890623641e-05,0.000161685027392,-1.88729553961e-06,-7.44795348578e-05,0.000686568191288,5.37075917384e-06,-9.20297444093e-05,1.8523780818e-05,0.747530092965,-0.000643522042847,-1.18930701356e-05,2.53757102121,0.058676080709,-0.114509108944,-0.00014061547245
18,1.52571225121e-05,0.000188002222017,-1.14353193781e-06,-9.36089422045e-05,0.000723031187069,6.54431473565e-06,-9.38813360768e-05,1.73879070902e-05,0.747618358293,-0.000643390840297,-1.20287806366e-05,2.53758609025,0.0586775982925,-0.114505964961,-0.00014060793122
18.1,4.01915440145e-06,0.00021208864668,-4.20843967796e-07,-0.000112938438938,0.000754252632953,6.61540113466e-06,-9.53187386687e-05,1.63485660182e-05,0.747673280193,-0.000643231067688,-1.2164874766e-05,2.537597452,0.0586798225605,-0.114503006309,-0.000140605543135
18.2,-6.51124163624e-06,0.000233928027606,1.92089067264e-07,-0.000130497566675,0.000782700002065,4.4468203495e-06,-9.65440250524e-05,1.50881206759e-05,0.747696473787,-0.000643045711867,-1.23010642284e-05,2.53760540583,0.0586827060697,-0.114500233161,-0.000140607470043
18.3,-1.63703663229e-05,0.000253744473321,5.49488348955e-07,-0.000147311233735,0.00080485051851,4.09084487004e-06,-9.74456772842e-05,1.38441155183e-05,0.747690059036,-0.000642837457708,-1.24371033327e-05,2.53761020281,0.0586862054912,-0.114497650014,-0.0001406118688
18.4,-2.55913529298e-05,0.000271417089347,8.23317536875e-07,-0.000162585590043,0.000821171753167,3.15815160041e-06,-9.80682087596e-05,1.25355539803e-05,0.747655451636,-0.000642608972427,-1.25726034052e-05,2.53761205419,0.0586902764229,-0.114495266262,-0.00014061812264
18.5,-3.41871083334e-05,0.000286907379588,9.86848083266e-07,-0.000174953672399,0.000835274253912,2.87826753758e-06,-9.84250444573e-05,1.12983645918e-05,0.747594276971,-0.000642362837929,-1.2707068429e-05,2.53761110742,0.0586948757517,-0.114493098126,-0.000140625439562
18.6,-4.20757725194e-05,0.000300456389832,1.09768058647e-06,-0.000187678817258,0.000844769668047,1.8090831184e-06,-9.86846019311e-05,1.00063544102e-05,0.747507693446,-0.000642101475085,-1.28402353178e-05,2.53760755384,0.0586999580108,-0.114491154406,-0.00014063343808
18.7,-4.94247853079e-05,0.000312056080985,1.10931843586e-06,-0.000201059956545,0.000848309892608,1.3320137072e-06,-9.86809299355e-05,8.6318480684e-06,0.747396889747,-0.000641827083073,-1.29716218597e-05,2.53760150755,0.0587054829632,-0.114489449148,-0.000140641426216
18.8,-5.63763192003e-05,0.000321628969746,1.08192399495e-06,-0.000211780547016,0.000850267188243,1.39341522677e-06,-9.85984020489e-05,7.33216335959e-06,0.747261880961,-0.000641541695737,-1.3100482365e-05,2.53759297633,0.0587114162541,-0.11448800558,-0.000140649129977
18.9,-6.28021535656e-05,0.000329478900148,1.0251695043e-06,-0.000221137422393,0.000850265479479,7.38219933441e-07,-9.81794308481e-05,6.10546732925e-06,0.747103256979,-0.000641247204954,-1.32264040729e-05,2.5375820422,0.0587177202223,-0.114486835679,-0.000140656347867
19,-6.8732655514e-05,0.000335721447225,9.52903993917e-07,-0.000230728264408,0.000846784850243,1.05782747927e-06,-9.75899715763e-05,4.64795726053e-06,0.74692196393,-0.000640945352427,-1.33490161445e-05,2.53756879489,0.0587243578438,-0.114485947184,-0.000140662975979
19.1,-7.42478418334e-05,0.000340458933306,9.33693294371e-07,-0.000238587456494,0.000841177528899,-2.68523534885e-08,-9.71727883144e-05,3.33156510361e-06,0.746718369123,-0.000640637678996,-1.34678965134e-05,2.537553281,0.0587312964884,-0.11448534937,-0.000140669367644
19.2,-7.93215299745e-05,0.000343786601424,8.06591903861e-07,-0.000245716830928,0.000836477373289,2.75846463624e-07,-9.66844308464e-05,2.06030343385e-06,0.746492407994,-0.000640325657088,-1.35827259184e-05,2.53753558464,0.0587385016299,-0.114485044849,-0.000140674809741
19.3,-8.39802022218e-05,0.000346054992354,7.31090053696e-07,-0.000253823600629,0.000829406116365,2.76425309595e-07,-9.60494867602e-05,8.4456864501e-07,0.746245771553,-0.000640010472377,-1.36933843845e-05,2.53751582372,0.0587459417707,-0.114485028476,-0.000140679650331
19.4,-8.83770146792e-05,0.000347288088908,6.53019226043e-07,-0.000260353548369,0.000817645824929,6.60143223753e-07,-9.5413721505e-05,-2.4574420478e-07,0.745978515562,-0.000639693129588,-1.3799604535e-05,2.53749406723,0.0587535909136,-0.114485297161,-0.000140683878533
19.5,-9.24588492499e-05,0.000347327050404,6.20197643829e-07,-0.000266809584126,0.000807013865914,4.33617382132e-07,-9.47788344716e-05,-1.59066738779e-06,0.745691745305,-0.000639374768936,-1.39010928671e-05,2.53747041159,0.0587614182217,-0.114485844277,-0.000140687794748
19.6,-9.62707711662e-05,0.000346441755744,5.84061240022e-07,-0.00027281134813,0.000795921946072,1.0108517252e-06,-9.40914348126e-05,-2.65845189458e-06,0.745385666881,-0.000639056275336,-1.39976533116e-05,2.53744493794,0.0587693982102,-0.114486662444,-0.000140691381855
19.7,-9.98047853067e-05,0.000344857380122,5.88971897554e-07,-0.00027709052373,0.000784993992716,1.91863518693e-06,-9.36967897687e-05,-3.5684188994e-06,0.745061149054,-0.00063873837667,-1.40892393179e-05,2.53741775495,0.0587775069011,-0.114487739492,-0.000140694908402
19.8,-0.000103047264203,0.000342716017392,6.89125513864e-07,-0.000283467923024,0.000772014118609,2.64666979287e-06,-9.3156504439e-05,-4.85355418223e-06,0.744719307718,-0.000638421708287,-1.41759095365e-05,2.53738899716,0.0587857207292,-0.114489059267,-0.00014069898421
19.9,-0.000106181853626,0.000339916451705,8.22537394147e-07,-0.000291173707411,0.000761103981458,1.81627726107e-06,-9.27031214733e-05,-5.85946836811e-06,0.744360473043,-0.000638106796646,-1.42574756225e-05,2.53735872669,0.0587940222753,-0.114490611305,-0.000140703815915
20,-0.00010933291567,0.000336770221653,8.71050069635e-07,-0.000297296403933,0.000747857036706,8.80983044713e-07,-9.23044328051e-05,-6.85464352617e-06,0.743984866715,-0.000637793848828,-1.43338044715e-05,2.53732697456,0.0588024026195,-0.114492386169,-0.000140708863665
20.1,-0.000112413495728,0.00033318214178,8.15687071134e-07,-0.000303761801909,0.000736572639667,1.24509449542e-06,-9.17903919849e-05,-7.65227181896e-06,0.7435929009,-0.000637483207688,-1.44048098153e-05,2.53729381343,0.0588108478748,-0.114494370582,-0.000140713479413
20.2,-0.000115388668982,0.000329371953164,8.04133184362e-07,-0.000308337778842,0.000725635181531,2.22179517313e-06,-9.13634938881e-05,-8.45669963176e-06,0.743184713955,-0.000637175089099,-1.44705480684e-05,2.53725932098,0.058819346439,-0.114496551006,-0.00014071794426
20.3,-0.000118199135793,0.000325409637589,8.82461605536e-07,-0.000314865214464,0.000714919534818,1.58631598189e-06,-9.11725397482e-05,-9.277305531e-06,0.742761863258,-0.000636869717709,-1.45311880643e-05,2.53722361836,0.0588278844829,-0.114498909374,-0.000140722820165
20.4,-0.000121016748425,0.000321391861668,9.10869645263e-07,-0.000319254133964,0.000704039990962,9.82052761593e-07,-9.09024110641e-05,-1.01041409435e-05,0.742324239369,-0.000636567105232,-1.45867723706e-05,2.53718675539,0.0588364567457,-0.11450143392,-0.000140727799484
20.5,-0.000123649998389,0.000317271963512,8.67659454897e-07,-0.000323585391282,0.000692759782362,1.19621241646e-06,-9.07778395968e-05,-1.07721098031e-05,0.741872913911,-0.000636267449226,-1.46375043614e-05,2.53714885297,0.0588450501703,-0.114504107362,-0.000140732448114
20.6,-0.000126165783921,0.00031306314068,8.1524608334e-07,-0.000328841029615,0.000683934631475,-1.83651844525e-07,-9.06900078496e-05,-1.14524957325e-05,0.741408492633,-0.000635970879387,-1.46835265105e-05,2.53711000643,0.0588536547543,-0.114506914729,-0.000140736718219
20.7,-0.000128600222764,0.00030897043709,6.9970380389e-07,-0.000333495099772,0.000676452800153,1.31358149425e-07,-9.09151552633e-05,-1.21167023145e-05,0.740931897733,-0.000635677363005,-1.47250468529e-05,2.53707029454,0.0588622650009,-0.114509842858,-0.000140740236491
20.8,-0.000130972712175,0.000305097680123,6.29216541223e-07,-0.000337333578356,0.000670246075889,-5.92319713163e-08,-9.09093028065e-05,-1.27372132259e-05,0.740443237336,-0.000635386778634,-1.47622868571e-05,2.53702976781,0.0588708787799,-0.11451288231,-0.000140743284792
20.9,-0.000133235344457,0.000301493490173,5.49747119728e-07,-0.000342480111159,0.000665692232172,-9.15390527779e-07,-9.104301435e-05,-1.31354407522e-05,0.73994346698,-0.000635099020807,-1.47955454909e-05,2.53698850699,0.0588794923013,-0.114516020934,-0.000140745817894
21,-0.000135491741286,0.000298264491315,3.7652062853e-07,-0.000347614938792,0.000660607064132,-7.09089289623e-07,-9.09897162764e-05,-1.37384121126e-05,0.739432230966,-0.000634813826583,-1.48250474363e-05,2.53694652254,0.058888108818,-0.114519254406,-0.000140747286034
21.1,-0.000137736549454,0.000295243158908,2.65893390886e-07,-0.000351570917462,0.000657674681538,-7.25528744318e-07,-9.11154711393e-05,-1.43836606029e-05,0.73890979739,-0.000634531053344,-1.48509524134e-05,2.53690384536,0.058896728371,-0.114522576035,-0.000140748072989
21.2,-0.000139894578786,0.00029260126293,1.8717911242e-07,-0.000358095431615,0.000655170752482,-7.84790515678e-07,-9.11675136659e-05,-1.48150764497e-05,0.738376270826,-0.000634250505303,-1.48735515225e-05,2.53686050949,0.0589053517159,-0.114525980547,-0.000140748375076
21.3,-0.000142174141392,0.000290259049546,8.50094675211e-08,-0.000363681530443,0.000653527228314,-2.11498752366e-06,-9.14129929383e-05,-1.52263486054e-05,0.737831152582,-0.000633971887337,-1.48929155286e-05,2.53681648703,0.0589139857037,-0.114529467347,-0.000140748061501
21.4,-0.000144466872052,0.000288271385411,-1.17722235524e-07,-0.000368391124369,0.000650235780345,-5.73091087625e-07,-9.118538716e-05,-1.58219563899e-05,0.737274216917,-0.000633694954028,-1.49092271893e-05,2.5367717745,0.058922634613,-0.114533034962,-0.000140746555204
21.5,-0.000146723741333,0.000286405809859,-1.59291831894e-07,-0.000373067844338,0.000648408087948,-1.70924045113e-06,-9.13765191451e-05,-1.6433266255e-05,0.736705607727,-0.000633419639963,-1.49225990811e-05,2.53672638685,0.0589312979637,-0.114536680389,-0.000140744801846
21.6,-0.000148942734852,0.000284754570623,-2.84009325891e-07,-0.000377027456395,0.00064761463837,-3.64674388986e-06,-9.14824224127e-05,-1.68650708779e-05,0.736124627969,-0.000633145818312,-1.4933166758e-05,2.53668031272,0.058939977738,-0.114540404534,-0.000140742326139
21.7,-0.000151093315465,0.000283377286352,-5.46327206633e-07,-0.000380590631059,0.000646379811569,-3.11718211614e-06,-9.18106489027e-05,-1.70476761699e-05,0.735531795574,-0.000632873361141,-1.4941137396e-05,2.53663357332,0.0589486745723,-0.114544204774,-0.000140738349558
21.8,-0.000153093533807,0.000282192097098,-7.21201816032e-07,-0.000385146814532,0.000645118546869,-1.78946879355e-06,-9.19800994502e-05,-1.73356421221e-05,0.734927220091,-0.000632602239687,-1.49467263008e-05,2.5365861924,0.0589573864617,-0.114548079712,-0.000140733385694
21.9,-0.00015510624149,0.000281140799233,-7.92436437679e-07,-0.000387986293734,0.000644260655708,-3.59400091201e-06,-9.22557440554e-05,-1.73871797302e-05,0.734310286863,-0.000632332353675,-1.49499995881e-05,2.53653816376,0.0589661152562,-0.114552029099,-0.000140728031941
22,-0.000156967617677,0.000280276022349,-9.92687495973e-07,-0.00039245210392,0.000644262846184,-2.9132027636e-06,-9.26143945788e-05,-1.77541203498e-05,0.733681429916,-0.000632063677203,-1.49511584754e-05,2.53648950148,0.0589748594335,-0.114556053191,-0.000140721565967
22.1,-0.000158830217183,0.000279551767429,-1.09800200106e-06,-0.000396620457328,0.000645617593252,-4.08905922105e-06,-9.28562807591e-05,-1.80884835887e-05,0.733040361572,-0.000631796118736,-1.49502812344e-05,2.53644020575,0.0589836205019,-0.11456015139,-0.000140714531448
22.2,-0.000160692922465,0.000279106377684,-1.28450640512e-06,-0.000398937164913,0.000647725473888,-3.56291710512e-06,-9.31421137415e-05,-1.84006923692e-05,0.732386337225,-0.000631529499614,-1.49474828633e-05,2.53639024295,0.0589924032437,-0.114564328019,-0.000140706481136
22.3,-0.000162411259333,0.000278953768159,-1.44190442603e-06,-0.000403343215995,0.000649925998479,-3.26900583489e-06,-9.34376274194e-05,-1.86775779087e-05,0.731719458259,-0.000631263732546,-1.49429956123e-05,2.53633961816,0.0590012081052,-0.114568584905,-0.000140697586022
22.4,-0.000164125940215,0.000279012806911,-1.51027856511e-06,-0.00040609884477,0.000652859736264,-2.08946906585e-06,-9.3679394386e-05,-1.88019342109e-05,0.731039425716,-0.000630998691886,-1.49369166549e-05,2.53628831737,0.0590100380699,-0.114572923929,-0.000140688345276
22.5,-0.000165762307328,0.000279292202978,-1.46955002694e-06,-0.000410215500943,0.000654665376737,-1.2759231103e-06,-9.39669094465e-05,-1.89452041675e-05,0.730345929704,-0.000630734293365,-1.49293916579e-05,2.5362363319,0.0590188945956,-0.114577347698,-0.00014067936013
22.6,-0.000167409046495,0.000279697189304,-1.38324543144e-06,-0.000413801466499,0.000657052630707,2.30826568433e-07,-9.43135764596e-05,-1.91615360251e-05,0.729638817001,-0.000630470456279,-1.49204684347e-05,2.53618364842,0.0590277798461,-0.114581857846,-0.000140670876535
22.7,-0.000169019771832,0.000280224039627,-1.18332628919e-06,-0.000417051805073,0.00066005213615,8.45182849641e-07,-9.46593904941e-05,-1.95385248358e-05,0.728917539358,-0.000630207128516,-1.49102160706e-05,2.53613025097,0.0590366952107,-0.114586457267,-0.0001406635057
22.8,-0.000170599235564,0.000280892856062,-9.60218130876e-07,-0.000418448558456,0.0006626463988,-6.66976183618e-08,-9.50469371315e-05,-1.96718448192e-05,0.72818191149,-0.000629944249288,-1.48987175248e-05,2.53607613459,0.0590456419181,-0.114591147376,-0.000140657361375
22.9,-0.000172008508145,0.00028165368617,-8.28700858785e-07,-0.000421289382098,0.0006661367049,-1.11819294553e-06,-9.5119280603e-05,-1.99619868265e-05,0.727432087903,-0.000629681868787,-1.48861268796e-05,2.53602131793,0.0590546169973,-0.114595928844,-0.000140651938464
23,-0.000173369386928,0.000282553176944,-8.01119735261e-07,-0.000423148123399,0.000669709726725,-7.85420227041e-08,-9.53175390875e-05,-1.99984592284e-05,0.726667901032,-0.000629419935805,-1.48725253863e-05,2.53596578782,0.0590636217318,-0.11460080462,-0.000140646673147
23.1,-0.000174620895648,0.000283581721101,-6.89405407465e-07,-0.000423936349292,0.000672050797285,2.59700102236e-07,-9.54690170398e-05,-2.0192387569e-05,0.725889031931,-0.000629158445315,-1.48580405156e-05,2.53590955532,0.0590726551173,-0.114605775417,-0.000140642011181
23.2,-0.000175715460049,0.000284554227718,-5.5551381262e-07,-0.000426099771169,0.000673052330294,9.36017096024e-07,-9.54940215589e-05,-2.03658549267e-05,0.725096224342,-0.000628897521657,-1.48427588289e-05,2.53585265167,0.0590817122373,-0.114610839821,-0.000140638064187
23.3,-0.000176786336469,0.000285431586019,-4.04941843424e-07,-0.000428841318803,0.000673682094482,-8.76812244445e-07,-9.5644393416e-05,-2.07258035197e-05,0.724289116904,-0.000628637229416,-1.48266575008e-05,2.53579508192,0.0590907913474,-0.114615997613,-0.000140634913298
23.4,-0.000177835452679,0.000286213963119,-4.16855810902e-07,-0.0004298456497,0.000674052344424,1.70217748007e-07,-9.60318744639e-05,-2.080156647e-05,0.72346735293,-0.000628377626891,-1.4809702065e-05,2.53573683645,0.0590998914071,-0.114621250604,-0.000140631698474
23.5,-0.000178811366526,0.000286885201249,-3.31329101127e-07,-0.000430878259464,0.000676658430511,-5.39486537614e-07,-9.61214789162e-05,-2.11125459199e-05,0.722631461863,-0.000628118818254,-1.47919107159e-05,2.53567794722,0.0591090084946,-0.114626595732,-0.000140628929499
23.6,-0.000179684814889,0.00028765126047,-3.38475932274e-07,-0.000434227881388,0.000678887909236,-5.1794607916e-07,-9.61566311213e-05,-2.12776154719e-05,0.721781392682,-0.000627860804499,-1.47733778091e-05,2.535618412,0.0591181420929,-0.114632035445,-0.000140626119954
23.7,-0.000180659483531,0.000288449096342,-3.12514919777e-07,-0.000436776718304,0.000679431710561,2.65031115426e-07,-9.60863533583e-05,-2.1446717187e-05,0.720916627125,-0.000627603510433,-1.47540508154e-05,2.53555821241,0.0591272952937,-0.114637570768,-0.000140623441381
23.8,-0.000181650455206,0.000289101096481,-2.3819976876e-07,-0.000438739070681,0.000679075777473,5.9098358461e-07,-9.64413491068e-05,-2.14395586823e-05,0.720037336471,-0.000627347011193,-1.47338897338e-05,2.53549738483,0.059136465255,-0.114643196422,-0.000140621142568
23.9,-0.000182616172518,0.000289629948068,-1.63872893173e-07,-0.000439551649594,0.000678598534815,5.66289476141e-07,-9.64869207695e-05,-2.14247533671e-05,0.71914407184,-0.000627091390246,-1.47128880004e-05,2.53543596774,0.0591456486121,-0.114648907586,-0.000140619221037
24,-0.000183465996094,0.000290014329493,-1.03925061076e-07,-0.000440422783009,0.000679116409333,-3.20192727142e-07,-9.66838625677e-05,-2.15647636112e-05,0.718237785721,-0.000626836790017,-1.46910909302e-05,2.53537401775,0.0591548394334,-0.11465469844,-0.000140617601021
24.1,-0.000184227584098,0.000290383177817,-1.2519221703e-07,-0.00044134875614,0.000677965451385,1.97200859198e-06,-9.66969170637e-05,-2.16214409901e-05,0.717318623571,-0.000626583266677,-1.46685690571e-05,2.53531157409,0.0591640345482,-0.114660565228,-0.000140615868414
24.2,-0.000184926868729,0.000290609199466,6.7352260365e-08,-0.000442433888908,0.000678856902397,3.22570802402e-06,-9.68471827401e-05,-2.16710988676e-05,0.71638680302,-0.000626330921763,-1.4645314447e-05,2.53524865962,0.0591732305338,-0.11466650578,-0.000140615103726
24.3,-0.00018551501472,0.00029087110942,3.55552171562e-07,-0.000442321102807,0.000680428832032,4.84238806856e-06,-9.70006819816e-05,-2.17374817839e-05,0.715442707976,-0.000626079789198,-1.46214144022e-05,2.53518529428,0.0591824252861,-0.114672519404,-0.000140615778161
24.4,-0.000186047671436,0.000291211842226,7.37526637181e-07,-0.000442938423001,0.00068288077027,3.90599871906e-06,-9.70269693892e-05,-2.19794311279e-05,0.714486362063,-0.000625829850763,-1.45969352236e-05,2.53512148622,0.0591916186646,-0.114678606117,-0.000140618346871
24.5,-0.000186536277677,0.000291674921568,9.56563310696e-07,-0.000443152480585,0.000684854900297,4.64156423818e-06,-9.72370774923e-05,-2.21892453937e-05,0.713517616884,-0.000625581059674,-1.45719479769e-05,2.53505723594,0.0592008115171,-0.114684766888,-0.000140621980947
24.6,-0.00018693218552,0.000292199550396,1.25478403177e-06,-0.000443154051089,0.000685147899567,5.0990913885e-06,-9.7256628118e-05,-2.20698249407e-05,0.712536573613,-0.000625333424267,-1.45465264164e-05,2.53499254946,0.0592100029306,-0.114691002614,-0.000140627062264
24.7,-0.000187285125369,0.000292663944367,1.54010545017e-06,-0.000442864984168,0.000686481828902,5.51237953258e-06,-9.73365931034e-05,-2.21683667965e-05,0.711543071129,-0.000625086991731,-1.45206827081e-05,2.53492744939,0.0592191907973,-0.114697310842,-0.000140633514324
24.8,-0.000187562850793,0.00029316354482,1.7956410367e-06,-0.000443942317898,0.000687466681308,6.196060594e-06,-9.74936186119e-05,-2.22566913241e-05,0.71053807948,-0.000624841777015,-1.44944814458e-05,2.53486195728,0.0592283735717,-0.114703689927,-0.000140641178445
24.9,-0.000187860032411,0.000293638549454,2.10414400853e-06,-0.000442279418202,0.000687006547282,6.64797090345e-06,-9.75180426613e-05,-2.2484231458e-05,0.709521464356,-0.000624597777319,-1.44679120533e-05,2.53479608881,0.0592375509173,-0.114710137308,-0.000140650302901
25,-0.000187977152063,0.000294020735863,2.41296759707e-06,-0.000442881726675,0.00069035028091,6.34526275285e-06,-9.75454613799e-05,-2.26853180827e-05,0.708493511702,-0.000624355123761,-1.44410631293e-05,2.53472989754,0.0592467167753,-0.114716648397,-0.000140660876543
25.1,-0.000188137567594,0.000294548832042,2.6310303003e-06,-0.000442590490986,0.000690464311832,7.11530138538e-06,-9.75612071884e-05,-2.29081663727e-05,0.70745463318,-0.000624113715836,-1.44139663388e-05,2.53466338351,0.0592558737454,-0.114723222629,-0.000140672446854
25.2,-0.000188221171706,0.000295004356816,2.90645749612e-06,-0.000442375916556,0.000689604816346,8.31006713599e-06,-9.75675115103e-05,-2.28980325615e-05,0.706405078655,-0.000623873619061,-1.43866463128e-05,2.53459657325,0.0592650188773,-0.114729857411,-0.000140685281727
25.3,-0.000188326451255,0.00029530114413,3.21812266062e-06,-0.000443866556964,0.000691354664356,7.38016717835e-06,-9.76124889038e-05,-2.29216765126e-05,0.705345195185,-0.000623634893349,-1.43590490757e-05,2.53452949574,0.0592741498621,-0.114736547973,-0.000140699544821
25.4,-0.000188530055733,0.000295695389882,3.42479648477e-06,-0.000445378608527,0.000690984454299,8.49198606299e-06,-9.75727443517e-05,-2.29935894011e-05,0.704274746829,-0.000623397435934,-1.4331157871e-05,2.53446214687,0.0592832698178,-0.114743293287,-0.000140714722134
25.5,-0.000188814632385,0.000295996404444,3.70901056765e-06,-0.000446047276543,0.000691639097009,8.51329280422e-06,-9.77330533352e-05,-2.32301755901e-05,0.703193647161,-0.0006231612423,-1.43028899192e-05,2.53439451939,0.0592923795737,-0.114750092747,-0.000140731174675
25.6,-0.000189095194306,0.00029631120575,3.93773355725e-06,-0.000445787089561,0.00069217774117,8.50739200742e-06,-9.77455396369e-05,-2.30589526708e-05,0.702101735139,-0.000622926299153,-1.42742536156e-05,2.53432661909,0.0593014791441,-0.114756945517,-0.000140748628531
25.7,-0.000189313989377,0.000296591218899,4.14539065332e-06,-0.000445995305225,0.000693104954206,9.5493215903e-06,-9.76133157424e-05,-2.31409309099e-05,0.700999451747,-0.0006226926421,-1.42452679052e-05,2.53425845399,0.0593105669417,-0.114763851324,-0.000140766975501
25.8,-0.000189522663927,0.000296895862644,4.41051285789e-06,-0.000446384635242,0.000693274684889,7.92931162173e-06,-9.75978069814e-05,-2.31911816549e-05,0.699886461301,-0.000622460254515,-1.42159439684e-05,2.53419002488,0.0593196431732,-0.114770810117,-0.00014078647741
25.9,-0.000189713964869,0.000297167891715,4.47992562874e-06,-0.000448052656554,0.000693411641338,8.23548095054e-06,-9.7779405076e-05,-2.34034360319e-05,0.698763382531,-0.000622229152925,-1.41862910333e-05,2.53412135409,0.0593287064385,-0.114777818852,-0.000140806210164
26,-0.000190032571192,0.000297384074583,4.58327410814e-06,-0.000447178356145,0.000692457013695,7.53848052317e-06,-9.79330223121e-05,-2.32255747076e-05,0.69762993578,-0.000621999297749,-1.41562303378e-05,2.53405244727,0.0593377581559,-0.114784874346,-0.000140826330552
26.1,-0.000190197232033,0.000297497777625,4.61643146041e-06,-0.000446598300873,0.000690931237347,8.42981301328e-06,-9.81396945245e-05,-2.32901415144e-05,0.696486866986,-0.0006217707996,-1.41258239389e-05,2.53398334637,0.0593467931349,-0.114791972903,-0.00014084651048
26.2,-0.000190325032409,0.000297476553216,4.7406993367e-06,-0.000445558854425,0.000688396873957,8.96537541227e-06,-9.81621129526e-05,-2.35057286408e-05,0.69533452923,-0.000621543729987,-1.4095064972e-05,2.53391408955,0.0593558079701,-0.114799109298,-0.000140867170713
26.3,-0.000190374168744,0.000297279438573,4.88466777753e-06,-0.000446991693321,0.000688874479449,8.64107145311e-06,-9.82293683162e-05,-2.35813046176e-05,0.694173528694,-0.000621318192844,-1.40639382956e-05,2.53384469691,0.0593647988315,-0.114806281474,-0.000140888397983
26.4,-0.000190513651188,0.000297150413655,4.98440236524e-06,-0.000449085563339,0.000687445713307,7.40015887013e-06,-9.83792352522e-05,-2.3683900458e-05,0.693003510975,-0.000621094103981,-1.40324141657e-05,2.53377515393,0.0593737686262,-0.114813489879,-0.000140909985175
26.5,-0.000190796015953,0.000296925097487,4.95461735646e-06,-0.000450852832661,0.000688312538906,7.81952757884e-06,-9.84434671149e-05,-2.38811011923e-05,0.6918244969,-0.000620871434087,-1.4000393902e-05,2.53370546402,0.0593827186481,-0.114820731286,-0.00014093134035
26.6,-0.000191206739432,0.000296847766844,4.96951832235e-06,-0.000452011356982,0.000689266801824,7.43725377572e-06,-9.85806568668e-05,-2.37152238042e-05,0.69063577619,-0.000620650047329,-1.39678443851e-05,2.53363559117,0.0593916540257,-0.114828008718,-0.000140952667678
26.7,-0.000191611783098,0.000296867619566,4.93447513505e-06,-0.000453295555605,0.00068996354266,7.54403434662e-06,-9.84737139793e-05,-2.35595358063e-05,0.689437338922,-0.000620429894591,-1.3934807022e-05,2.5335655432,0.0594005754488,-0.114835321129,-0.000140973741943
26.8,-0.00019207872406,0.000296916648538,4.90275434253e-06,-0.000455050342156,0.000691014127985,5.0541964915e-06,-9.84193650284e-05,-2.36372706916e-05,0.688229205405,-0.000620210927904,-1.39012615356e-05,2.53349531832,0.0594094843351,-0.114842667605,-0.000140994580469
26.9,-0.000192555522495,0.000297055209284,4.6696546354e-06,-0.000455765161484,0.000693552129051,6.02309068119e-06,-9.85854529199e-05,-2.35940231592e-05,0.687011374948,-0.000619993092642,-1.38672146959e-05,2.53342489076,0.0594183827573,-0.114850051647,-0.000141014282719
27,-0.000193035274699,0.000297392730599,4.56667396066e-06,-0.000455587419972,0.00069532857776,5.03502917252e-06,-9.8775860233e-05,-2.36147214546e-05,0.685782556496,-0.000619776289588,-1.3832708023e-05,2.53335422711,0.0594272741042,-0.114857478112,-0.000141033437356
27.1,-0.00019339304762,0.000297834402054,4.39879032073e-06,-0.000455848495188,0.000696396973472,6.0425802213e-06,-9.88075483813e-05,-2.37048586459e-05,0.684542700907,-0.000619560514855,-1.37978133182e-05,2.53328330583,0.0594361582638,-0.114864952092,-0.000141051759419
27.2,-0.000193704168955,0.00029826194782,4.31359238573e-06,-0.000456251674899,0.000698194326869,5.90864868667e-06,-9.87538959862e-05,-2.37772483135e-05,0.683291562679,-0.000619345786262,-1.37625358638e-05,2.53321211676,0.0594450346791,-0.114872475586,-0.000141069621036
27.3,-0.000194007830615,0.000298745928871,4.24096331055e-06,-0.000455607763342,0.000697236948085,4.83150731832e-06,-9.87730205918e-05,-2.37920982268e-05,0.682028134898,-0.000619132073151,-1.3726870934e-05,2.53314062679,0.0594539050035,-0.114880053365,-0.000141087080437
27.4,-0.000194214891362,0.000299047377273,4.10279875121e-06,-0.000457229119844,0.000698773567339,3.82704729053e-06,-9.8723194687e-05,-2.38578924368e-05,0.680753677589,-0.000618919491491,-1.36908329849e-05,2.53306888716,0.0594627638745,-0.114887679183,-0.000141103854515
27.5,-0.000194526593612,0.00029943659997,3.86566398471e-06,-0.000457360611186,0.000701113180094,1.2971372292e-06,-9.87888381642e-05,-2.37858949403e-05,0.679467266393,-0.000618707951436,-1.36543734718e-05,2.53299685725,0.0594716153549,-0.114895357123,-0.000141119515885
27.6,-0.00019476518993,0.000299969435748,3.47127162435e-06,-0.00045768635749,0.000703181373542,3.29917261665e-06,-9.89157252143e-05,-2.38087182871e-05,0.678168693069,-0.000618497413432,-1.36175539763e-05,2.53292451627,0.0594804605144,-0.114903091442,-0.000141133388331
27.7,-0.000194972655729,0.000300536726422,3.28349218691e-06,-0.000457659912353,0.00070228013593,1.37711953653e-06,-9.89231762388e-05,-2.39505704126e-05,0.676857283008,-0.000618287867829,-1.3580377392e-05,2.53285183914,0.0594893001192,-0.114910886095,-0.000141146380876
27.8,-0.000195145465547,0.000300897280329,2.94888211874e-06,-0.000455775405603,0.000702154053266,7.58124626645e-07,-9.87948953445e-05,-2.40823682816e-05,0.675533895614,-0.000618079414558,-1.35428298231e-05,2.5327788856,0.0594981293345,-0.114918732542,-0.000141157868479
27.9,-0.000195158909654,0.000301202837235,2.60796489613e-06,-0.000455928096071,0.000701317741768,8.33126842011e-08,-9.89543612338e-05,-2.40657158544e-05,0.674199809773,-0.00061787213606,-1.35049997374e-05,2.53270571307,0.0595069430868,-0.114926624822,-0.000141167836878
28,-0.000195184960839,0.000301405048917,2.26343799717e-06,-0.000457712378277,0.000702542500587,1.81536503212e-06,-9.88745540114e-05,-2.39024875949e-05,0.672855525811,-0.000617666064869,-1.34668698499e-05,2.53263235658,0.059515739371,-0.114934557297,-0.000141176283837
28.1,-0.000195358122308,0.000301642913438,2.11891700715e-06,-0.000457972892843,0.000702461986355,-2.03650399914e-08,-9.87859566768e-05,-2.39658757404e-05,0.671500682582,-0.000617461120521,-1.3428379019e-05,2.53255880628,0.0595245213515,-0.114942528836,-0.000141184074854
28.2,-0.000195512858734,0.000301824860424,1.82029031916e-06,-0.000456188508329,0.000703127123741,-1.27965984541e-06,-9.87591620916e-05,-2.40694145061e-05,0.670135131634,-0.000617257325665,-1.33895139669e-05,2.53248506149,0.0595332883042,-0.114950539535,-0.000141190560522
28.3,-0.000195500081416,0.000302024222859,1.46152741607e-06,-0.000453835079116,0.000703411237737,-2.5002147631e-06,-9.87327023641e-05,-2.42105869353e-05,0.668759432982,-0.000617054729909,-1.33503621881e-05,2.53241114141,0.0595420372657,-0.114958589142,-0.000141195496423
28.4,-0.000195312941018,0.000302225854088,1.06196184913e-06,-0.000453877949131,0.000704418898509,-2.76278138768e-06,-9.86387553715e-05,-2.42583623066e-05,0.667374119777,-0.000616853390993,-1.33110176894e-05,2.53233707817,0.0595507646051,-0.114966675602,-0.000141198722808
28.5,-0.000195173104619,0.00030244222864,6.90440403647e-07,-0.000454070364382,0.000704549863404,-3.86643629469e-06,-9.85618858202e-05,-2.42597106046e-05,0.665979250595,-0.00061665327626,-1.32714722266e-05,2.53226288634,0.0595594709138,-0.114974795843,-0.00014120037139
28.6,-0.000195100938013,0.000302651484444,2.7226926318e-07,-0.000454196746919,0.000703222806863,-2.22286897469e-06,-9.84706323749e-05,-2.41941793406e-05,0.664575020645,-0.000616454353912,-1.3231686812e-05,2.53218855879,0.0595681576144,-0.114982949575,-0.000141200259584
28.7,-0.000195052173754,0.000302724715089,4.0225583741e-08,-0.000453490115198,0.000703730968819,-3.05115312976e-06,-9.86054430018e-05,-2.4142046527e-05,0.663161853663,-0.000616256663152,-1.31916355e-05,2.53211413646,0.0595768224819,-0.114991130024,-0.000141199177627
28.8,-0.000194943764344,0.000302812268556,-2.28835657091e-07,-0.000452112589056,0.000704203039779,-2.25294134642e-06,-9.86158099401e-05,-2.40334663482e-05,0.661739533028,-0.000616060210477,-1.31513393672e-05,2.53203961187,0.0595854652186,-0.11499933901,-0.000141196979005
28.9,-0.000194717241395,0.000302911325015,-3.7021854665e-07,-0.000449991465251,0.000703266594344,-9.7799356448e-07,-9.84099802635e-05,-2.41574493288e-05,0.660308232692,-0.000615865024981,-1.31108476568e-05,2.53196498482,0.0595940843618,-0.11500757821,-0.000141194199547
29,-0.000194424390607,0.000302926309159,-4.26737428095e-07,-0.00044746993611,0.000701580055772,-4.71450330304e-07,-9.81960866865e-05,-2.40247758429e-05,0.658868501583,-0.000615671155541,-1.3070182357e-05,2.53189028817,0.0596026771559,-0.115015843535,-0.00014119119376
29.1,-0.000193975086853,0.000302780291329,-4.16872490638e-07,-0.00044660053665,0.000700424979226,-1.3632052234e-06,-9.82305539494e-05,-2.41298916932e-05,0.657420779223,-0.000615478713049,-1.30293704411e-05,2.53181554283,0.0596112391023,-0.115024133903,-0.000141188235676
29.2,-0.000193543396909,0.000302585462619,-4.79260362441e-07,-0.000444416746473,0.000702342921265,-8.92164601653e-07,-9.8439393335e-05,-2.41210037396e-05,0.655965247512,-0.000615287699324,-1.29883918844e-05,2.53174075519,0.0596197700019,-0.115032447787,-0.000141185030029
29.3,-0.000193010317836,0.000302611855052,-4.86408808631e-07,-0.00044464690406,0.000703172592264,-1.22158813444e-06,-9.8319265754e-05,-2.42752824681e-05,0.654500885189,-0.000615098050808,-1.29473274476e-05,2.53166589112,0.0596282719593,-0.115040791885,-0.000141181802121
29.4,-0.000192625252722,0.00030268196232,-5.25815915351e-07,-0.000443944167514,0.000703328214608,8.35483458273e-07,-9.82157050524e-05,-2.43260801037e-05,0.653027806913,-0.000614909687125,-1.2906121112e-05,2.53159094248,0.0596367481452,-0.115049164903,-0.000141178421764
29.5,-0.000192282651106,0.000302774902958,-3.7940211005e-07,-0.000443794332625,0.000703250743099,-7.05698444942e-07,-9.80822019704e-05,-2.4419191921e-05,0.651545512108,-0.000614722574628,-1.28647442797e-05,2.53151588826,0.0596452003228,-0.11505756903,-0.000141175640511
29.6,-0.000191981897345,0.000302831675038,-3.71491306235e-07,-0.000442665351168,0.000703196444686,-1.19870640107e-06,-9.80442442209e-05,-2.44186080872e-05,0.65005407253,-0.000614536703908,-1.28231651731e-05,2.53144072648,0.0596536289814,-0.115066003646,-0.000141172896642
29.7,-0.000191656907316,0.000302871892153,-4.18553778208e-07,-0.000442850674479,0.000702434158744,-6.59361461687e-07,-9.81612069357e-05,-2.44980061606e-05,0.648554098444,-0.000614352080743,-1.27814158528e-05,2.53136549825,0.059662032409,-0.115074462952,-0.000141169970382
29.8,-0.000191389296816,0.000302850230391,-4.09268220229e-07,-0.000445152256129,0.000702034463226,-1.44663404177e-06,-9.8067805285e-05,-2.44992710947e-05,0.647045539799,-0.000614168700477,-1.27394427551e-05,2.53129018947,0.059670411454,-0.115082947792,-0.000141167088199
29.9,-0.000191406642098,0.000302779911455,-4.84667001265e-07,-0.000444303613234,0.000702909551894,-1.69132583629e-06,-9.78588813776e-05,-2.45494558097e-05,0.645527703281,-0.000613986475978,-1.26971014845e-05,2.53121477904,0.059678770681,-0.115091456526,-0.000141163913522
30,-0.000191315519687,0.000302808635372,-5.61421050905e-07,-0.000445464534184,0.000703448759902,-3.89908101007e-06,-9.75598274269e-05,-2.44980415324e-05,0.644000002389,-0.000613805398968,-1.26544401136e-05,2.53113923606,0.0596871105909,-0.115099995349,-0.0001411604419
30.1,-0.000191349033054,0.000302867913769,-8.10705331478e-07,-0.00044569736818,0.000703969076761,-4.17140204969e-06,-9.74584368785e-05,-2.44395670873e-05,0.642461728913,-0.000613625408718,-1.26114059336e-05,2.53106354554,0.059695433907,-0.115108564413,-0.000141155994086
